MEME version 4.4

ALPHABET= ACGT

strands: + -

Background letter frequencies (from uniform background):
A 0.25000 C 0.25000 G 0.25000 T 0.25000

MOTIF SIX5_disc1 SIX5_GM12878_encode-Myers_seq_hsa_r1:MEME#1#Intergenic

letter-probability matrix: alength= 4 w= 10 nsites= 20 E= 0
  0.008511	  0.004255	  0.987234	  0.000000	
  0.902127	  0.012766	  0.038298	  0.046809	
  0.455319	  0.072340	  0.344681	  0.127660	
  0.251064	  0.085106	  0.085106	  0.578724	
  0.000000	  0.046809	  0.012766	  0.940425	
  0.000000	  0.000000	  1.000000	  0.000000	
  0.038298	  0.021277	  0.029787	  0.910638	
  0.944681	  0.004255	  0.051064	  0.000000	
  0.000000	  0.000000	  1.000000	  0.000000	
  0.000000	  0.000000	  0.012766	  0.987234	

MOTIF MYC_disc1 USF2_K562_encode-Snyder_seq_hsa_r1:MDscan#1#Intergenic

letter-probability matrix: alength= 4 w= 10 nsites= 20 E= 0
  0.173516	  0.105023	  0.721461	  0.000000	
  0.000000	  0.000000	  0.000000	  1.000000	
  0.000000	  1.000000	  0.000000	  0.000000	
  1.000000	  0.000000	  0.000000	  0.000000	
  0.000000	  0.958904	  0.000000	  0.041096	
  0.059361	  0.000000	  0.940639	  0.000000	
  0.000000	  0.000000	  0.000000	  1.000000	
  0.000000	  0.000000	  1.000000	  0.000000	
  1.000000	  0.000000	  0.000000	  0.000000	
  0.000000	  0.726028	  0.114155	  0.159817	

MOTIF SRF_disc1 SRF_H1-hESC_encode-Myers_seq_hsa_r1:MDscan#2#Intergenic

letter-probability matrix: alength= 4 w= 10 nsites= 20 E= 0
  0.000000	  1.000000	  0.000000	  0.000000	
  0.000000	  1.000000	  0.000000	  0.000000	
  0.495495	  0.000000	  0.000000	  0.504505	
  0.261261	  0.000000	  0.000000	  0.738739	
  1.000000	  0.000000	  0.000000	  0.000000	
  0.000000	  0.000000	  0.000000	  1.000000	
  0.729730	  0.000000	  0.000000	  0.270270	
  0.504505	  0.000000	  0.000000	  0.495495	
  0.000000	  0.000000	  1.000000	  0.000000	
  0.000000	  0.000000	  1.000000	  0.000000	

MOTIF AP1_disc1 JUND_K562_encode-Snyder_seq_hsa_r1:MEME#1#Intergenic

letter-probability matrix: alength= 4 w= 10 nsites= 20 E= 0
  0.418269	  0.168269	  0.413462	  0.000000	
  0.000000	  0.000000	  0.000000	  1.000000	
  0.000000	  0.000000	  0.927885	  0.072115	
  0.980769	  0.000000	  0.019231	  0.000000	
  0.004808	  0.937499	  0.019231	  0.038462	
  0.081731	  0.033654	  0.879807	  0.004808	
  0.000000	  0.000000	  0.000000	  1.000000	
  0.072115	  0.927885	  0.000000	  0.000000	
  0.995192	  0.000000	  0.000000	  0.004808	
  0.004808	  0.461538	  0.096154	  0.437500	

MOTIF SIX5_disc2 SIX5_H1-hESC_encode-Myers_seq_hsa_r1:MDscan#1#Intergenic

letter-probability matrix: alength= 4 w= 10 nsites= 20 E= 0
  0.000000	  0.000000	  1.000000	  0.000000	
  0.000000	  0.000000	  1.000000	  0.000000	
  0.000000	  0.000000	  1.000000	  0.000000	
  0.946502	  0.000000	  0.000000	  0.053498	
  0.465021	  0.069959	  0.362140	  0.102881	
  0.292181	  0.090535	  0.094650	  0.522634	
  0.000000	  0.078189	  0.000000	  0.921811	
  0.000000	  0.000000	  1.000000	  0.000000	
  0.000000	  0.000000	  0.000000	  1.000000	
  1.000000	  0.000000	  0.000000	  0.000000	

MOTIF NFY_disc1 NFYA_K562_encode-Snyder_seq_hsa_r1:MEME#2#Intergenic

letter-probability matrix: alength= 4 w= 15 nsites= 20 E= 0
  0.120482	  0.477912	  0.048193	  0.353414	
  0.072289	  0.120482	  0.204819	  0.602410	
  0.048193	  0.638554	  0.116466	  0.196787	
  0.000000	  0.309237	  0.032129	  0.658634	
  0.008032	  0.317269	  0.566265	  0.108434	
  0.975904	  0.000000	  0.024096	  0.000000	
  0.000000	  0.008032	  0.000000	  0.991968	
  0.000000	  0.000000	  0.000000	  1.000000	
  0.000000	  0.000000	  0.995984	  0.004016	
  0.000000	  0.000000	  1.000000	  0.000000	
  0.152610	  0.530121	  0.040161	  0.277108	
  0.032129	  0.401606	  0.056225	  0.510040	
  0.325301	  0.128514	  0.433735	  0.112450	
  0.265060	  0.236948	  0.409639	  0.088353	
  0.200803	  0.253012	  0.200803	  0.345382	

MOTIF ATF3_disc1 ATF3_GM12878_encode-Myers_seq_hsa_r1:MDscan#1#Intergenic

letter-probability matrix: alength= 4 w= 10 nsites= 20 E= 0
  0.140127	  0.114650	  0.745223	  0.000000	
  0.000000	  0.000000	  0.000000	  1.000000	
  0.000000	  0.993631	  0.000000	  0.006369	
  0.987261	  0.000000	  0.000000	  0.012739	
  0.000000	  0.866242	  0.050955	  0.082803	
  0.070064	  0.038217	  0.891719	  0.000000	
  0.000000	  0.000000	  0.000000	  1.000000	
  0.000000	  0.000000	  1.000000	  0.000000	
  1.000000	  0.000000	  0.000000	  0.000000	
  0.019108	  0.726115	  0.101911	  0.152866	

MOTIF NFE2_disc1 NFE2_K562_encode-Snyder_seq_hsa_r1:AlignACE#1#Intergenic

letter-probability matrix: alength= 4 w= 10 nsites= 20 E= 0
  0.574879	  0.053140	  0.367150	  0.004831	
  0.009662	  0.000000	  0.000000	  0.990338	
  0.000000	  0.000000	  0.995169	  0.004831	
  0.990338	  0.000000	  0.004831	  0.004831	
  0.019324	  0.734299	  0.193237	  0.053140	
  0.053140	  0.048309	  0.048309	  0.850242	
  0.072464	  0.927536	  0.000000	  0.000000	
  0.898550	  0.019324	  0.077295	  0.004831	
  0.000000	  0.000000	  0.975845	  0.024155	
  0.004831	  0.985507	  0.000000	  0.009662	

MOTIF NFE2_disc2 NFE2_GM12878_encode-Snyder_seq_hsa_H-230_r1:MDscan#3#Intergenic

letter-probability matrix: alength= 4 w= 10 nsites= 20 E= 0
  0.170909	  0.080000	  0.749091	  0.000000	
  0.000000	  0.120000	  0.000000	  0.880000	
  0.000000	  1.000000	  0.000000	  0.000000	
  1.000000	  0.000000	  0.000000	  0.000000	
  0.000000	  0.912727	  0.000000	  0.087273	
  0.080000	  0.000000	  0.920000	  0.000000	
  0.000000	  0.000000	  0.000000	  1.000000	
  0.000000	  0.000000	  1.000000	  0.000000	
  0.825454	  0.058182	  0.116364	  0.000000	
  0.000000	  0.789091	  0.101818	  0.109091	

MOTIF BRCA1_disc1 BRCA1_GM12878_encode-Snyder_seq_hsa_IgG-mus-C-1863_r1:MEME#1#Intergenic

letter-probability matrix: alength= 4 w= 10 nsites= 20 E= 0
  0.037037	  0.192593	  0.066667	  0.703703	
  0.303704	  0.607407	  0.066667	  0.022222	
  0.044444	  0.014815	  0.037037	  0.903704	
  0.000000	  1.000000	  0.000000	  0.000000	
  0.037037	  0.000000	  0.962963	  0.000000	
  0.000000	  1.000000	  0.000000	  0.000000	
  0.000000	  0.000000	  1.000000	  0.000000	
  0.866668	  0.044444	  0.081481	  0.007407	
  0.000000	  0.007407	  0.977778	  0.014815	
  0.962963	  0.000000	  0.037037	  0.000000	

MOTIF AP1_disc2 FOS_GM12878_encode-Snyder_seq_hsa_r1:MEME#1#Intergenic

letter-probability matrix: alength= 4 w= 10 nsites= 20 E= 0
  0.114407	  0.131356	  0.194915	  0.559322	
  0.063559	  0.635593	  0.156780	  0.144068	
  0.000000	  0.364407	  0.012712	  0.622881	
  0.021186	  0.351695	  0.474576	  0.152542	
  1.000000	  0.000000	  0.000000	  0.000000	
  0.000000	  0.008475	  0.000000	  0.991525	
  0.000000	  0.000000	  0.000000	  1.000000	
  0.000000	  0.000000	  1.000000	  0.000000	
  0.000000	  0.000000	  1.000000	  0.000000	
  0.118644	  0.504237	  0.038136	  0.338983	

MOTIF CTCF_disc1 CTCF_HUVEC_encode-Crawford_seq_hsa_r1:MEME#3#Intergenic

letter-probability matrix: alength= 4 w= 22 nsites= 20 E= 0
  0.245968	  0.125000	  0.302419	  0.326613	
  0.262097	  0.185484	  0.326613	  0.225806	
  0.217742	  0.387097	  0.129032	  0.266129	
  0.370968	  0.112903	  0.149194	  0.366935	
  0.528226	  0.209677	  0.149194	  0.112903	
  0.052419	  0.237903	  0.233871	  0.475806	
  0.604838	  0.044355	  0.213710	  0.137097	
  0.092742	  0.322581	  0.455645	  0.129032	
  0.024194	  0.399194	  0.016129	  0.560483	
  0.173387	  0.012097	  0.677419	  0.137097	
  0.157258	  0.725807	  0.016129	  0.100806	
  0.004032	  0.991936	  0.000000	  0.004032	
  0.612904	  0.350806	  0.000000	  0.036290	
  0.000000	  0.366935	  0.000000	  0.633065	
  0.000000	  0.983871	  0.000000	  0.016129	
  0.012097	  0.020161	  0.016129	  0.951613	
  0.641129	  0.032258	  0.161290	  0.165323	
  0.040323	  0.225806	  0.689516	  0.044355	
  0.064516	  0.040323	  0.004032	  0.891129	
  0.000000	  0.000000	  0.991935	  0.008065	
  0.088710	  0.016129	  0.766129	  0.129032	
  0.173387	  0.383065	  0.044355	  0.399194	

MOTIF CEBPB_disc1 CEBPB_HepG2_encode-Snyder_seq_hsa_IgG-rab_r1:MDscan#2#Intergenic

letter-probability matrix: alength= 4 w= 10 nsites= 20 E= 0
  0.509434	  0.135849	  0.354717	  0.000000	
  0.000000	  0.000000	  0.000000	  1.000000	
  0.000000	  0.000000	  0.000000	  1.000000	
  0.143396	  0.000000	  0.818868	  0.037736	
  0.000000	  0.667925	  0.000000	  0.332075	
  0.324528	  0.000000	  0.675472	  0.000000	
  0.003774	  0.833962	  0.000000	  0.162264	
  1.000000	  0.000000	  0.000000	  0.000000	
  1.000000	  0.000000	  0.000000	  0.000000	
  0.000000	  0.362264	  0.147170	  0.490566	

MOTIF ZBTB33_disc1 ZBTB33_HepG2_encode-Myers_seq_hsa_r1:MDscan#1#Intergenic

letter-probability matrix: alength= 4 w= 10 nsites= 20 E= 0
  0.000000	  0.000000	  0.000000	  1.000000	
  0.139535	  0.802325	  0.058140	  0.000000	
  0.000000	  0.000000	  0.000000	  1.000000	
  0.000000	  1.000000	  0.000000	  0.000000	
  0.011628	  0.000000	  0.988372	  0.000000	
  0.000000	  0.988372	  0.000000	  0.011628	
  0.000000	  0.000000	  1.000000	  0.000000	
  1.000000	  0.000000	  0.000000	  0.000000	
  0.000000	  0.058140	  0.802325	  0.139535	
  1.000000	  0.000000	  0.000000	  0.000000	

MOTIF ETS_disc1 ETS1_K562_encode-Myers_seq_hsa_v041610.1_r1:Trawler#1#Intergenic

letter-probability matrix: alength= 4 w= 14 nsites= 20 E= 0
  1.000000	  0.000000	  0.000000	  0.000000	
  1.000000	  0.000000	  0.000000	  0.000000	
  0.000000	  1.000000	  0.000000	  0.000000	
  0.000000	  0.000000	  0.000000	  1.000000	
  1.000000	  0.000000	  0.000000	  0.000000	
  0.000000	  1.000000	  0.000000	  0.000000	
  1.000000	  0.000000	  0.000000	  0.000000	
  0.862745	  0.078431	  0.058824	  0.000000	
  0.137255	  0.549020	  0.078431	  0.235294	
  0.000000	  0.117647	  0.019608	  0.862745	
  0.058824	  0.882353	  0.000000	  0.058824	
  0.019608	  0.941176	  0.019608	  0.019608	
  0.019608	  0.921569	  0.039216	  0.019608	
  0.705882	  0.000000	  0.254902	  0.039216	

MOTIF AP1_disc3 FOS_K562_encode-White_seq_hsa_eGFP_r1:MDscan#3#Intergenic

letter-probability matrix: alength= 4 w= 10 nsites= 20 E= 0
  0.542141	  0.000000	  0.457859	  0.000000	
  0.000000	  0.000000	  0.000000	  1.000000	
  0.000000	  0.000000	  1.000000	  0.000000	
  1.000000	  0.000000	  0.000000	  0.000000	
  0.020501	  0.469248	  0.498861	  0.011390	
  0.000000	  0.000000	  0.000000	  1.000000	
  0.000000	  1.000000	  0.000000	  0.000000	
  1.000000	  0.000000	  0.000000	  0.000000	
  0.000000	  0.505695	  0.000000	  0.494305	
  0.220957	  0.428246	  0.154897	  0.195900	

MOTIF NRF1_disc1 NRF1_HeLa-S3_encode-Snyder_seq_hsa_IgG-mus_r1:MEME#2#Intergenic

letter-probability matrix: alength= 4 w= 15 nsites= 20 E= 0
  0.092437	  0.525210	  0.134454	  0.247899	
  0.386555	  0.163866	  0.159664	  0.289916	
  0.025210	  0.655463	  0.218487	  0.100840	
  0.021008	  0.109244	  0.012605	  0.857143	
  0.042017	  0.000000	  0.957983	  0.000000	
  0.012605	  0.962185	  0.025210	  0.000000	
  0.000000	  0.000000	  1.000000	  0.000000	
  0.004202	  0.978991	  0.012605	  0.004202	
  0.672270	  0.243697	  0.063025	  0.021008	
  0.050420	  0.084034	  0.163866	  0.701680	
  0.000000	  0.000000	  0.995798	  0.004202	
  0.000000	  0.953782	  0.000000	  0.046218	
  0.000000	  0.021008	  0.886555	  0.092437	
  0.012605	  0.865547	  0.021008	  0.100840	
  0.369748	  0.277311	  0.285714	  0.067227	

MOTIF REST_disc1 REST_GM12878_encode-Myers_seq_hsa_PCR2x_r1:MEME#2#Intergenic

letter-probability matrix: alength= 4 w= 15 nsites= 20 E= 0
  0.084034	  0.096639	  0.226891	  0.592436	
  0.008403	  0.092437	  0.058824	  0.840336	
  0.008403	  0.953782	  0.000000	  0.037815	
  1.000000	  0.000000	  0.000000	  0.000000	
  0.004202	  0.000000	  0.995798	  0.000000	
  0.029412	  0.815126	  0.126050	  0.029412	
  1.000000	  0.000000	  0.000000	  0.000000	
  0.004202	  0.995798	  0.000000	  0.000000	
  0.021008	  0.936976	  0.008403	  0.033613	
  0.542017	  0.096639	  0.193277	  0.168067	
  0.088235	  0.386555	  0.134454	  0.390756	
  0.029412	  0.037815	  0.924370	  0.008403	
  0.050420	  0.025210	  0.911765	  0.012605	
  0.789916	  0.084034	  0.075630	  0.050420	
  0.021008	  0.785715	  0.168067	  0.025210	

MOTIF YY1_disc1 YY1_NT2-D1_encode-Snyder_seq_hsa_r1:MEME#3#Intergenic

letter-probability matrix: alength= 4 w= 23 nsites= 20 E= 0
  0.057592	  0.052356	  0.837696	  0.052356	
  0.052356	  0.680628	  0.162304	  0.104712	
  0.157068	  0.643980	  0.151832	  0.047120	
  0.052356	  0.005236	  0.895288	  0.047120	
  0.000000	  1.000000	  0.000000	  0.000000	
  0.000000	  1.000000	  0.000000	  0.000000	
  1.000000	  0.000000	  0.000000	  0.000000	
  0.000000	  0.000000	  0.000000	  1.000000	
  0.047120	  0.455497	  0.251309	  0.246073	
  0.052356	  0.010471	  0.000000	  0.937173	
  0.000000	  0.057592	  0.000000	  0.942408	
  0.078534	  0.057592	  0.654450	  0.209424	
  0.256545	  0.141361	  0.424084	  0.178010	
  0.225131	  0.219895	  0.293194	  0.261780	
  0.193717	  0.209424	  0.204188	  0.392670	
  0.287958	  0.230366	  0.293194	  0.188482	
  0.235602	  0.298429	  0.261780	  0.204188	
  0.125654	  0.209424	  0.502618	  0.162304	
  0.099476	  0.136126	  0.628272	  0.136126	
  0.120419	  0.256545	  0.492147	  0.130890	
  0.178010	  0.502619	  0.193717	  0.125654	
  0.408377	  0.162304	  0.319372	  0.109948	
  0.314136	  0.219895	  0.308901	  0.157068	

MOTIF RAD21_disc1 RAD21_GM12878_encode-Snyder_seq_hsa_IgG-rab_r1:MEME#3#Intergenic

letter-probability matrix: alength= 4 w= 20 nsites= 20 E= 0
  0.264000	  0.136000	  0.384000	  0.216000	
  0.284000	  0.112000	  0.452000	  0.152000	
  0.076000	  0.812000	  0.032000	  0.080000	
  0.004000	  0.996000	  0.000000	  0.000000	
  0.848000	  0.004000	  0.072000	  0.076000	
  0.008000	  0.656000	  0.316000	  0.020000	
  0.164000	  0.420000	  0.076000	  0.340000	
  0.900000	  0.024000	  0.048000	  0.028000	
  0.012000	  0.004000	  0.980000	  0.004000	
  0.516000	  0.004000	  0.480000	  0.000000	
  0.012000	  0.008000	  0.420000	  0.560000	
  0.008000	  0.000000	  0.988000	  0.004000	
  0.084000	  0.028000	  0.784000	  0.104000	
  0.120000	  0.740000	  0.016000	  0.124000	
  0.476000	  0.024000	  0.472000	  0.028000	
  0.048000	  0.504000	  0.400000	  0.048000	
  0.108000	  0.392000	  0.044000	  0.456000	
  0.476000	  0.216000	  0.264000	  0.044000	
  0.144000	  0.160000	  0.268000	  0.428000	
  0.392000	  0.164000	  0.148000	  0.296000	

MOTIF ETS_disc2 GABPA_H1-hESC_encode-Myers_seq_hsa_r1:MDscan#1#Intergenic

letter-probability matrix: alength= 4 w= 10 nsites= 20 E= 0
  0.081218	  0.578680	  0.203046	  0.137056	
  0.974619	  0.000000	  0.025381	  0.000000	
  0.000000	  0.964467	  0.000000	  0.035533	
  0.025381	  0.000000	  0.000000	  0.974619	
  0.000000	  0.000000	  0.000000	  1.000000	
  0.000000	  1.000000	  0.000000	  0.000000	
  0.000000	  1.000000	  0.000000	  0.000000	
  0.000000	  0.000000	  0.944162	  0.055838	
  0.000000	  0.197970	  0.736040	  0.065990	
  0.000000	  0.385787	  0.157360	  0.456853	

MOTIF MAF_disc1 MAFK_K562_encode-Snyder_seq_hsa_IgG-rab-ab50322_r1:MDscan#1#Intergenic

letter-probability matrix: alength= 4 w= 10 nsites= 20 E= 0
  0.000000	  0.043668	  0.000000	  0.956332	
  0.000000	  0.000000	  1.000000	  0.000000	
  0.174672	  0.794760	  0.000000	  0.030568	
  0.000000	  0.013100	  0.000000	  0.986900	
  0.000000	  0.000000	  1.000000	  0.000000	
  1.000000	  0.000000	  0.000000	  0.000000	
  0.061135	  0.393013	  0.493450	  0.052402	
  0.000000	  0.000000	  0.000000	  1.000000	
  0.000000	  1.000000	  0.000000	  0.000000	
  1.000000	  0.000000	  0.000000	  0.000000	

MOTIF SP2_disc1 SP2_K562_encode-Myers_seq_hsa_v041610.2-SC-643_r1:MEME#2#Intergenic

letter-probability matrix: alength= 4 w= 11 nsites= 20 E= 0
  0.061644	  0.143836	  0.267123	  0.527397	
  0.109589	  0.520548	  0.109589	  0.260274	
  0.000000	  0.650685	  0.000000	  0.349315	
  0.000000	  0.527397	  0.253425	  0.219178	
  0.986301	  0.000000	  0.000000	  0.013699	
  0.013699	  0.006849	  0.020548	  0.958904	
  0.000000	  0.000000	  0.000000	  1.000000	
  0.000000	  0.000000	  1.000000	  0.000000	
  0.000000	  0.020548	  0.979452	  0.000000	
  0.006849	  0.595890	  0.054795	  0.342466	
  0.000000	  0.458904	  0.041096	  0.500000	

MOTIF IRF_disc1 IRF3_HeLa-S3_encode-Snyder_seq_hsa_IgG-rab_r1:MDscan#3#Intergenic

letter-probability matrix: alength= 4 w= 10 nsites= 20 E= 0
  0.131206	  0.425532	  0.060284	  0.382979	
  0.684397	  0.000000	  0.315603	  0.000000	
  0.290780	  0.000000	  0.556738	  0.152482	
  0.000000	  1.000000	  0.000000	  0.000000	
  0.000000	  1.000000	  0.000000	  0.000000	
  1.000000	  0.000000	  0.000000	  0.000000	
  1.000000	  0.000000	  0.000000	  0.000000	
  0.000000	  0.000000	  0.000000	  1.000000	
  0.223404	  0.421986	  0.294326	  0.060284	
  0.570922	  0.000000	  0.429078	  0.000000	

MOTIF REST_disc2 REST_U87_encode-Myers_seq_hsa_PCR2x_r1:MDscan#2#Intergenic

letter-probability matrix: alength= 4 w= 10 nsites= 20 E= 0
  0.000000	  0.000000	  0.000000	  1.000000	
  0.040000	  0.131429	  0.828571	  0.000000	
  0.000000	  0.000000	  0.045714	  0.954286	
  0.000000	  1.000000	  0.000000	  0.000000	
  0.000000	  1.000000	  0.000000	  0.000000	
  0.542858	  0.000000	  0.388571	  0.068571	
  0.137143	  0.154286	  0.108571	  0.600000	
  0.000000	  0.000000	  1.000000	  0.000000	
  0.000000	  0.000000	  1.000000	  0.000000	
  0.000000	  0.000000	  0.000000	  1.000000	

MOTIF ETS_disc3 ETS1_GM12878_encode-Myers_seq_hsa_r1:MDscan#3#Intergenic

letter-probability matrix: alength= 4 w= 10 nsites= 20 E= 0
  0.000000	  0.108333	  0.000000	  0.891667	
  0.208333	  0.741667	  0.050000	  0.000000	
  0.000000	  0.000000	  0.000000	  1.000000	
  0.000000	  1.000000	  0.000000	  0.000000	
  0.000000	  0.000000	  0.975000	  0.025000	
  0.000000	  1.000000	  0.000000	  0.000000	
  0.000000	  0.000000	  1.000000	  0.000000	
  1.000000	  0.000000	  0.000000	  0.000000	
  0.000000	  0.050000	  0.775000	  0.175000	
  1.000000	  0.000000	  0.000000	  0.000000	

MOTIF BCL_disc1 BCLAF1_K562_encode-Myers_seq_hsa_M33-P5B11_r1:MDscan#2#Intergenic

letter-probability matrix: alength= 4 w= 10 nsites= 20 E= 0
  0.413462	  0.105769	  0.432692	  0.048077	
  0.086538	  0.721154	  0.192308	  0.000000	
  0.144231	  0.855769	  0.000000	  0.000000	
  0.000000	  0.000000	  1.000000	  0.000000	
  0.028846	  0.000000	  0.971154	  0.000000	
  1.000000	  0.000000	  0.000000	  0.000000	
  0.971154	  0.000000	  0.000000	  0.028846	
  0.009615	  0.038462	  0.932692	  0.019231	
  0.000000	  0.201923	  0.000000	  0.798077	
  0.086538	  0.057692	  0.711539	  0.144231	

MOTIF SP1_disc1 SP1_H1-hESC_encode-Myers_seq_hsa_r1:MEME#3#Intergenic

letter-probability matrix: alength= 4 w= 22 nsites= 20 E= 0
  0.172973	  0.318919	  0.178378	  0.329730	
  0.194595	  0.335135	  0.156757	  0.313514	
  0.470270	  0.097297	  0.416216	  0.016216	
  0.302703	  0.059459	  0.529730	  0.108108	
  0.000000	  1.000000	  0.000000	  0.000000	
  0.005405	  0.994595	  0.000000	  0.000000	
  0.994595	  0.000000	  0.005405	  0.000000	
  1.000000	  0.000000	  0.000000	  0.000000	
  0.010811	  0.000000	  0.032432	  0.956757	
  0.237838	  0.383784	  0.324324	  0.054054	
  0.583784	  0.032432	  0.383784	  0.000000	
  0.318919	  0.113514	  0.529729	  0.037838	
  0.535136	  0.232432	  0.162162	  0.070270	
  0.470270	  0.059459	  0.345946	  0.124324	
  0.189189	  0.248649	  0.389189	  0.172973	
  0.156757	  0.318919	  0.362162	  0.162162	
  0.194595	  0.345946	  0.362162	  0.097297	
  0.308108	  0.091892	  0.459459	  0.140541	
  0.183784	  0.227027	  0.454054	  0.135135	
  0.281081	  0.264865	  0.302703	  0.151351	
  0.275676	  0.054054	  0.372973	  0.297297	
  0.178378	  0.210811	  0.281081	  0.329730	

MOTIF NFKB_disc1 NFKB1_GM19193_encode-Snyder_seq_hsa_IgG-rab_r1:MDscan#1#Intergenic

letter-probability matrix: alength= 4 w= 10 nsites= 20 E= 0
  0.000000	  0.000000	  0.737500	  0.262500	
  0.000000	  0.000000	  1.000000	  0.000000	
  0.000000	  0.000000	  1.000000	  0.000000	
  0.570833	  0.000000	  0.429167	  0.000000	
  0.837500	  0.158333	  0.004167	  0.000000	
  0.395833	  0.000000	  0.000000	  0.604167	
  0.000000	  0.004167	  0.000000	  0.995833	
  0.000000	  0.383333	  0.000000	  0.616667	
  0.000000	  1.000000	  0.000000	  0.000000	
  0.000000	  1.000000	  0.000000	  0.000000	

MOTIF RFX5_disc1 RFX5_H1-hESC_encode-Snyder_seq_hsa_IgG-rab-N-494_r1:MDscan#1#Intergenic

letter-probability matrix: alength= 4 w= 10 nsites= 20 E= 0
  0.127389	  0.414013	  0.375796	  0.082803	
  0.000000	  1.000000	  0.000000	  0.000000	
  0.286624	  0.605096	  0.000000	  0.108280	
  0.000000	  0.254777	  0.000000	  0.745223	
  0.617834	  0.000000	  0.382166	  0.000000	
  0.000000	  0.000000	  1.000000	  0.000000	
  0.000000	  0.853503	  0.000000	  0.146497	
  1.000000	  0.000000	  0.000000	  0.000000	
  1.000000	  0.000000	  0.000000	  0.000000	
  0.000000	  1.000000	  0.000000	  0.000000	

MOTIF SMC3_disc1 SMC3_GM12878_encode-Snyder_seq_hsa_IgG-mus-ab9263_r1:MEME#2#Intergenic

letter-probability matrix: alength= 4 w= 15 nsites= 20 E= 0
  0.333333	  0.096386	  0.473896	  0.096386	
  0.116466	  0.755020	  0.080321	  0.048193	
  0.000000	  0.995984	  0.004016	  0.000000	
  0.887550	  0.008032	  0.068273	  0.036145	
  0.000000	  0.690763	  0.293173	  0.016064	
  0.108434	  0.698794	  0.036145	  0.156627	
  0.911647	  0.024096	  0.040161	  0.024096	
  0.004016	  0.008032	  0.975904	  0.012048	
  0.425703	  0.000000	  0.570281	  0.004016	
  0.032129	  0.012048	  0.489960	  0.465863	
  0.012048	  0.004016	  0.975904	  0.008032	
  0.064257	  0.024096	  0.823294	  0.088353	
  0.096386	  0.831325	  0.012048	  0.060241	
  0.465863	  0.020080	  0.477912	  0.036145	
  0.076305	  0.502008	  0.369478	  0.052209	

MOTIF TAL1_disc1 TAL1_K562_encode-Snyder_seq_hsa_IgG-mus-SC-12984_r1:MEME#3#Intergenic

letter-probability matrix: alength= 4 w= 19 nsites= 20 E= 0
  0.088000	  0.412000	  0.204000	  0.296000	
  0.056000	  0.608000	  0.144000	  0.192000	
  0.056000	  0.144000	  0.008000	  0.792000	
  0.080000	  0.004000	  0.024000	  0.892000	
  0.944000	  0.024000	  0.028000	  0.004000	
  0.000000	  0.000000	  0.000000	  1.000000	
  0.000000	  0.976000	  0.004000	  0.020000	
  0.320000	  0.008000	  0.024000	  0.648000	
  0.084000	  0.348000	  0.432000	  0.136000	
  0.244000	  0.300000	  0.196000	  0.260000	
  0.184000	  0.360000	  0.260000	  0.196000	
  0.244000	  0.340000	  0.188000	  0.228000	
  0.200000	  0.332000	  0.244000	  0.224000	
  0.188000	  0.352000	  0.272000	  0.188000	
  0.272000	  0.272000	  0.188000	  0.268000	
  0.200000	  0.384000	  0.316000	  0.100000	
  0.060000	  0.928000	  0.000000	  0.012000	
  0.808000	  0.096000	  0.008000	  0.088000	
  0.112000	  0.200000	  0.564000	  0.124000	

MOTIF CHD2_disc1 CHD2_K562_encode-Snyder_seq_hsa_IgG-rab-N-1250_r1:MDscan#3#Intergenic

letter-probability matrix: alength= 4 w= 10 nsites= 20 E= 0
  0.000000	  0.141509	  0.000000	  0.858491	
  0.193396	  0.740566	  0.066038	  0.000000	
  0.000000	  0.000000	  0.000000	  1.000000	
  0.000000	  1.000000	  0.000000	  0.000000	
  0.018868	  0.000000	  0.981132	  0.000000	
  0.000000	  0.981132	  0.000000	  0.018868	
  0.000000	  0.000000	  1.000000	  0.000000	
  1.000000	  0.000000	  0.000000	  0.000000	
  0.000000	  0.066038	  0.783019	  0.150943	
  1.000000	  0.000000	  0.000000	  0.000000	

MOTIF SPI1_disc1 SPI1_K562_encode-Myers_seq_hsa_r1:MDscan#2#Intergenic

letter-probability matrix: alength= 4 w= 10 nsites= 20 E= 0
  0.977143	  0.000000	  0.022857	  0.000000	
  0.000000	  0.862857	  0.137143	  0.000000	
  0.000000	  0.000000	  0.000000	  1.000000	
  0.000000	  0.000000	  0.000000	  1.000000	
  0.022857	  0.977143	  0.000000	  0.000000	
  0.000000	  1.000000	  0.000000	  0.000000	
  0.000000	  0.251429	  0.034286	  0.714285	
  0.000000	  0.868571	  0.131429	  0.000000	
  0.205714	  0.000000	  0.000000	  0.794286	
  0.000000	  0.000000	  0.000000	  1.000000	

MOTIF RFX5_disc2 RFX5_GM12878_encode-Snyder_seq_hsa_IgG-mus-N-494_r1:MEME#1#Intergenic

letter-probability matrix: alength= 4 w= 10 nsites= 20 E= 0
  0.081081	  0.600000	  0.162162	  0.156757	
  0.005405	  0.248649	  0.081081	  0.664865	
  0.016216	  0.291892	  0.627027	  0.064865	
  0.972973	  0.005405	  0.010811	  0.010811	
  0.000000	  0.005405	  0.010811	  0.983784	
  0.000000	  0.000000	  0.000000	  1.000000	
  0.000000	  0.000000	  0.967568	  0.032432	
  0.000000	  0.000000	  1.000000	  0.000000	
  0.075676	  0.551351	  0.027027	  0.345946	
  0.037838	  0.259459	  0.075676	  0.627027	

MOTIF GATA_disc1 GATA1_K562b_encode-Snyder_seq_hsa_r1:MDscan#1#Intergenic

letter-probability matrix: alength= 4 w= 10 nsites= 20 E= 0
  0.000000	  0.507937	  0.248677	  0.243386	
  0.000000	  0.947090	  0.052910	  0.000000	
  0.000000	  0.000000	  0.026455	  0.973545	
  0.121693	  0.000000	  0.000000	  0.878307	
  1.000000	  0.000000	  0.000000	  0.000000	
  0.000000	  0.000000	  0.000000	  1.000000	
  0.000000	  1.000000	  0.000000	  0.000000	
  0.232804	  0.000000	  0.100529	  0.666667	
  0.063492	  0.322751	  0.476190	  0.137566	
  0.132275	  0.359788	  0.185185	  0.322751	

MOTIF ELF1_disc1 ELF1_HepG2_encode-Myers_seq_hsa_v041610.1-SC-631_r1:MDscan#3#Intergenic

letter-probability matrix: alength= 4 w= 10 nsites= 20 E= 0
  0.778378	  0.000000	  0.221622	  0.000000	
  0.000000	  0.902703	  0.000000	  0.097297	
  0.000000	  0.000000	  0.000000	  1.000000	
  0.000000	  0.000000	  0.000000	  1.000000	
  0.000000	  1.000000	  0.000000	  0.000000	
  0.000000	  1.000000	  0.000000	  0.000000	
  0.000000	  0.000000	  0.956757	  0.043243	
  0.000000	  0.205405	  0.794595	  0.000000	
  0.027027	  0.162162	  0.540541	  0.270270	
  0.194595	  0.064865	  0.054054	  0.686486	

MOTIF POU2F2_disc1 POU2F2_GM12891_encode-Myers_seq_hsa_r1:Weeder#2#Intergenic

letter-probability matrix: alength= 4 w= 8 nsites= 20 E= 0
  0.730897	  0.091362	  0.073090	  0.104651	
  0.028239	  0.033223	  0.026578	  0.911960	
  0.189369	  0.073090	  0.044850	  0.692691	
  0.044850	  0.013289	  0.026578	  0.915282	
  0.051495	  0.041528	  0.840532	  0.066445	
  0.046512	  0.895349	  0.023256	  0.034884	
  0.855482	  0.066445	  0.026578	  0.051495	
  0.099668	  0.039867	  0.059801	  0.800664	

MOTIF BATF_disc1 BATF_GM12878_encode-Myers_seq_hsa_r1:AlignACE#1#Intergenic

letter-probability matrix: alength= 4 w= 11 nsites= 20 E= 0
  0.092715	  0.119205	  0.582782	  0.205298	
  0.384106	  0.172185	  0.205298	  0.238411	
  0.370861	  0.026490	  0.331126	  0.271523	
  0.509934	  0.284768	  0.192053	  0.013245	
  0.000000	  0.000000	  0.000000	  1.000000	
  0.000000	  0.000000	  1.000000	  0.000000	
  1.000000	  0.000000	  0.000000	  0.000000	
  0.000000	  0.397351	  0.602649	  0.000000	
  0.000000	  0.000000	  0.000000	  1.000000	
  0.000000	  1.000000	  0.000000	  0.000000	
  1.000000	  0.000000	  0.000000	  0.000000	

MOTIF SIX5_disc3 SIX5_H1-hESC_encode-Myers_seq_hsa_r1:Trawler#2#Intergenic

letter-probability matrix: alength= 4 w= 15 nsites= 20 E= 0
  1.000000	  0.000000	  0.000000	  0.000000	
  1.000000	  0.000000	  0.000000	  0.000000	
  1.000000	  0.000000	  0.000000	  0.000000	
  0.000000	  1.000000	  0.000000	  0.000000	
  0.000000	  0.000000	  0.000000	  1.000000	
  1.000000	  0.000000	  0.000000	  0.000000	
  0.000000	  1.000000	  0.000000	  0.000000	
  1.000000	  0.000000	  0.000000	  0.000000	
  0.000000	  0.000000	  0.000000	  1.000000	
  0.000000	  0.000000	  0.000000	  1.000000	
  0.066667	  0.066667	  0.000000	  0.866667	
  0.000000	  0.866667	  0.000000	  0.133333	
  0.000000	  0.933333	  0.000000	  0.066667	
  0.000000	  1.000000	  0.000000	  0.000000	
  0.866667	  0.066667	  0.066667	  0.000000	

MOTIF NR2C2_disc1 NR2C2_HeLa-S3_encode-Snyder_seq_hsa_r1:MDscan#1#Intergenic

letter-probability matrix: alength= 4 w= 10 nsites= 20 E= 0
  0.043478	  0.226087	  0.191304	  0.539131	
  0.139130	  0.104348	  0.756522	  0.000000	
  0.686957	  0.269565	  0.000000	  0.043478	
  0.130435	  0.869565	  0.000000	  0.000000	
  0.000000	  1.000000	  0.000000	  0.000000	
  0.000000	  0.930435	  0.000000	  0.069565	
  0.000000	  0.000000	  1.000000	  0.000000	
  0.000000	  0.000000	  1.000000	  0.000000	
  1.000000	  0.000000	  0.000000	  0.000000	
  0.939130	  0.000000	  0.000000	  0.060870	

MOTIF HNF4_disc1 HNF4G_HepG2_encode-Myers_seq_hsa_v041610.1-SC-6558_r1:MEME#2#Intergenic

letter-probability matrix: alength= 4 w= 13 nsites= 20 E= 0
  0.140000	  0.088000	  0.064000	  0.708000	
  0.076000	  0.000000	  0.924000	  0.000000	
  0.276000	  0.132000	  0.556000	  0.036000	
  0.672000	  0.304000	  0.000000	  0.024000	
  0.024000	  0.928000	  0.048000	  0.000000	
  0.016000	  0.104000	  0.004000	  0.876000	
  0.004000	  0.124000	  0.016000	  0.856000	
  0.020000	  0.024000	  0.044000	  0.912000	
  0.084000	  0.012000	  0.872000	  0.032000	
  0.296000	  0.236000	  0.272000	  0.196000	
  0.272000	  0.452000	  0.092000	  0.184000	
  0.036000	  0.836000	  0.000000	  0.128000	
  0.100000	  0.364000	  0.020000	  0.516000	

MOTIF BHLHE40_disc1 BHLHE40_HepG2_encode-Myers_seq_hsa_v041610.1_r1:MDscan#2#Intergenic

letter-probability matrix: alength= 4 w= 10 nsites= 20 E= 0
  0.000000	  0.000000	  0.414286	  0.585714	
  0.000000	  1.000000	  0.000000	  0.000000	
  0.904762	  0.042857	  0.009524	  0.042857	
  0.000000	  0.914286	  0.047619	  0.038095	
  0.052381	  0.042857	  0.904762	  0.000000	
  0.038095	  0.014286	  0.023810	  0.923809	
  0.000000	  0.000000	  1.000000	  0.000000	
  0.652381	  0.347619	  0.000000	  0.000000	
  0.000000	  0.738096	  0.233333	  0.028571	
  0.166667	  0.266667	  0.204762	  0.361905	

MOTIF STAT_disc1 STAT1_HeLa-S3_encode-Snyder_seq_hsa_IFNg30_r1:MDscan#1#Intergenic

letter-probability matrix: alength= 4 w= 10 nsites= 20 E= 0
  0.145594	  0.295019	  0.130268	  0.429119	
  0.000000	  0.000000	  0.000000	  1.000000	
  0.000000	  0.000000	  0.000000	  1.000000	
  0.076628	  0.923372	  0.000000	  0.000000	
  0.000000	  0.931034	  0.000000	  0.068966	
  0.310345	  0.199234	  0.164751	  0.325670	
  0.000000	  0.000000	  1.000000	  0.000000	
  0.000000	  0.000000	  0.869732	  0.130268	
  1.000000	  0.000000	  0.000000	  0.000000	
  1.000000	  0.000000	  0.000000	  0.000000	

MOTIF SPI1_disc2 SPI1_GM12878_encode-Myers_seq_hsa_r1:MDscan#1#Intergenic

letter-probability matrix: alength= 4 w= 10 nsites= 20 E= 0
  0.000000	  0.000000	  0.000000	  1.000000	
  0.031008	  0.294574	  0.000000	  0.674418	
  0.000000	  0.000000	  0.000000	  1.000000	
  0.000000	  1.000000	  0.000000	  0.000000	
  1.000000	  0.000000	  0.000000	  0.000000	
  0.000000	  0.635659	  0.364341	  0.000000	
  0.000000	  0.000000	  0.000000	  1.000000	
  0.000000	  0.000000	  0.000000	  1.000000	
  0.000000	  1.000000	  0.000000	  0.000000	
  0.000000	  1.000000	  0.000000	  0.000000	

MOTIF THAP1_disc1 THAP1_K562_encode-Myers_seq_hsa_v041610.1-SC-98174_r1:MEME#3#Intergenic

letter-probability matrix: alength= 4 w= 25 nsites= 20 E= 0
  0.050000	  0.530000	  0.270000	  0.150000	
  0.120000	  0.630000	  0.160000	  0.090000	
  0.090000	  0.020000	  0.860000	  0.030000	
  0.010000	  0.990000	  0.000000	  0.000000	
  0.000000	  1.000000	  0.000000	  0.000000	
  0.980000	  0.020000	  0.000000	  0.000000	
  0.000000	  0.020000	  0.000000	  0.980000	
  0.060000	  0.490000	  0.280000	  0.170000	
  0.010000	  0.030000	  0.000000	  0.960000	
  0.000000	  0.070000	  0.000000	  0.930000	
  0.110000	  0.050000	  0.520000	  0.320000	
  0.280000	  0.060000	  0.560000	  0.100000	
  0.300000	  0.160000	  0.170000	  0.370000	
  0.130000	  0.040000	  0.100000	  0.730000	
  0.320000	  0.230000	  0.300000	  0.150000	
  0.410000	  0.380000	  0.070000	  0.140000	
  0.010000	  0.000000	  0.700000	  0.290000	
  0.000000	  0.000000	  0.990000	  0.010000	
  0.020000	  0.000000	  0.940000	  0.040000	
  0.040000	  0.890000	  0.000000	  0.070000	
  0.680000	  0.020000	  0.240000	  0.060000	
  0.380000	  0.100000	  0.470000	  0.050000	
  0.420000	  0.250000	  0.270000	  0.060000	
  0.300000	  0.140000	  0.330000	  0.230000	
  0.200000	  0.220000	  0.490000	  0.090000	

MOTIF MXI1_disc1 MXI1_K562_encode-Snyder_seq_hsa_IgG-rab-bHLH_r1:MEME#3#Intergenic

letter-probability matrix: alength= 4 w= 16 nsites= 20 E= 0
  0.082474	  0.597939	  0.082474	  0.237113	
  0.051546	  0.360825	  0.360825	  0.226804	
  0.041237	  0.000000	  0.917526	  0.041237	
  0.010309	  0.051546	  0.030928	  0.907217	
  0.061856	  0.494845	  0.010309	  0.432990	
  0.082474	  0.113402	  0.618557	  0.185567	
  0.000000	  0.876288	  0.020619	  0.103093	
  0.000000	  0.948454	  0.000000	  0.051546	
  0.608247	  0.237113	  0.020619	  0.134021	
  0.072165	  0.164948	  0.041237	  0.721650	
  0.237113	  0.000000	  0.762887	  0.000000	
  0.123711	  0.000000	  0.876289	  0.000000	
  0.051546	  0.886598	  0.000000	  0.061856	
  0.907217	  0.000000	  0.051546	  0.041237	
  0.979382	  0.010309	  0.010309	  0.000000	
  0.000000	  0.979381	  0.000000	  0.020619	

MOTIF TCF7L2_disc1 TCF7L2_HCT-116_encode-Snyder_seq_hsa_r1:MDscan#1#Intergenic

letter-probability matrix: alength= 4 w= 10 nsites= 20 E= 0
  0.360215	  0.284946	  0.354839	  0.000000	
  0.000000	  0.000000	  0.000000	  1.000000	
  0.000000	  0.000000	  1.000000	  0.000000	
  1.000000	  0.000000	  0.000000	  0.000000	
  0.091398	  0.376344	  0.446237	  0.086022	
  0.000000	  0.000000	  0.000000	  1.000000	
  0.000000	  1.000000	  0.000000	  0.000000	
  1.000000	  0.000000	  0.000000	  0.000000	
  0.000000	  0.360215	  0.274194	  0.365591	
  0.215054	  0.333333	  0.166667	  0.284946	

MOTIF REST_disc3 REST_PFSK-1_encode-Myers_seq_hsa_PCR2x_r1:MEME#1#Intergenic

letter-probability matrix: alength= 4 w= 10 nsites= 20 E= 0
  0.000000	  0.000000	  1.000000	  0.000000	
  0.008000	  0.000000	  0.992000	  0.000000	
  0.920000	  0.040000	  0.004000	  0.036000	
  0.004000	  0.944000	  0.048000	  0.004000	
  0.996000	  0.000000	  0.004000	  0.000000	
  0.000000	  0.000000	  1.000000	  0.000000	
  0.100000	  0.776000	  0.056000	  0.068000	
  0.136000	  0.020000	  0.492000	  0.352000	
  0.096000	  0.720000	  0.152000	  0.032000	
  0.060000	  0.812000	  0.004000	  0.124000	

MOTIF CTCF_disc2 CTCF_A549_encode-Myers_seq_hsa_DEX-100nM_r1:Trawler#1#Intergenic

letter-probability matrix: alength= 4 w= 11 nsites= 20 E= 0
  1.000000	  0.000000	  0.000000	  0.000000	
  0.000000	  1.000000	  0.000000	  0.000000	
  0.000000	  1.000000	  0.000000	  0.000000	
  1.000000	  0.000000	  0.000000	  0.000000	
  0.000000	  0.000000	  1.000000	  0.000000	
  0.156250	  0.000000	  0.843750	  0.000000	
  0.000000	  0.000000	  0.593750	  0.406250	
  0.000000	  0.000000	  1.000000	  0.000000	
  0.000000	  0.000000	  1.000000	  0.000000	
  0.000000	  1.000000	  0.000000	  0.000000	
  0.312500	  0.000000	  0.687500	  0.000000	

MOTIF SP2_disc2 SP2_K562_encode-Myers_seq_hsa_v041610.2-SC-643_r1:MEME#3#Intergenic

letter-probability matrix: alength= 4 w= 24 nsites= 20 E= 0
  0.899160	  0.000000	  0.100840	  0.000000	
  0.033613	  0.050420	  0.050420	  0.865547	
  0.067227	  0.000000	  0.016807	  0.915966	
  0.050420	  0.000000	  0.941177	  0.008403	
  0.016807	  0.016807	  0.966386	  0.000000	
  0.142857	  0.495798	  0.109244	  0.252101	
  0.016807	  0.453782	  0.084034	  0.445378	
  0.302521	  0.210084	  0.294118	  0.193277	
  0.260504	  0.210084	  0.319328	  0.210084	
  0.260504	  0.285714	  0.176471	  0.277311	
  0.285714	  0.210084	  0.336134	  0.168067	
  0.159664	  0.310924	  0.193277	  0.336134	
  0.201681	  0.226891	  0.361345	  0.210084	
  0.159664	  0.302521	  0.386555	  0.151261	
  0.226891	  0.554621	  0.134454	  0.084034	
  0.050420	  0.344538	  0.000000	  0.605042	
  0.050420	  0.016807	  0.899160	  0.033613	
  0.000000	  0.394958	  0.016807	  0.588235	
  0.008403	  0.907563	  0.000000	  0.084034	
  0.378151	  0.352941	  0.142857	  0.126050	
  0.226891	  0.285714	  0.394958	  0.092437	
  0.000000	  0.008403	  0.025210	  0.966387	
  0.000000	  0.899160	  0.008403	  0.092437	
  0.470588	  0.142857	  0.151261	  0.235294	

MOTIF EBF1_disc1 EBF1_GM12878_encode-Snyder_seq_hsa_r1:MDscan#1#Intergenic

letter-probability matrix: alength= 4 w= 10 nsites= 20 E= 0
  0.000000	  0.153392	  0.000000	  0.846608	
  0.000000	  1.000000	  0.000000	  0.000000	
  0.000000	  0.825959	  0.000000	  0.174041	
  0.000000	  1.000000	  0.000000	  0.000000	
  0.297935	  0.356932	  0.020649	  0.324484	
  0.336283	  0.020649	  0.374631	  0.268437	
  0.000000	  0.000000	  1.000000	  0.000000	
  0.176991	  0.000000	  0.823009	  0.000000	
  0.000000	  0.000000	  1.000000	  0.000000	
  0.884956	  0.000000	  0.115044	  0.000000	

MOTIF STAT_disc2 STAT3_MCF10A-Er-Src_encode-Snyder_seq_hsa_EtOH-0.01pct-4hr_r1:MDscan#2#Intergenic

letter-probability matrix: alength= 4 w= 10 nsites= 20 E= 0
  0.460967	  0.185874	  0.241636	  0.111524	
  0.000000	  0.000000	  0.000000	  1.000000	
  0.000000	  0.000000	  1.000000	  0.000000	
  1.000000	  0.000000	  0.000000	  0.000000	
  0.174721	  0.271375	  0.368030	  0.185874	
  0.000000	  0.000000	  0.000000	  1.000000	
  0.000000	  1.000000	  0.000000	  0.000000	
  1.000000	  0.000000	  0.000000	  0.000000	
  0.096654	  0.267658	  0.163569	  0.472119	
  0.208178	  0.297398	  0.182156	  0.312268	

MOTIF PRDM1_disc1 PRDM1_HeLa-S3_encode-Snyder_seq_hsa_IgG-rab-Val90_r1:MDscan#1#Intergenic

letter-probability matrix: alength= 4 w= 10 nsites= 20 E= 0
  0.241135	  0.489362	  0.106383	  0.163121	
  1.000000	  0.000000	  0.000000	  0.000000	
  0.000000	  1.000000	  0.000000	  0.000000	
  0.000000	  0.000000	  0.000000	  1.000000	
  0.000000	  0.078014	  0.000000	  0.921986	
  0.000000	  0.000000	  0.000000	  1.000000	
  0.000000	  1.000000	  0.000000	  0.000000	
  0.581561	  0.219858	  0.007092	  0.191489	
  0.000000	  1.000000	  0.000000	  0.000000	
  0.000000	  0.000000	  0.000000	  1.000000	

MOTIF ZNF143_disc1 ZNF143_GM12878_encode-Snyder_seq_hsa_16618-1-AP_r1:MDscan#2#Intergenic

letter-probability matrix: alength= 4 w= 10 nsites= 20 E= 0
  0.000000	  0.000000	  1.000000	  0.000000	
  0.000000	  0.000000	  1.000000	  0.000000	
  0.000000	  0.000000	  1.000000	  0.000000	
  0.975000	  0.000000	  0.000000	  0.025000	
  0.412500	  0.120833	  0.383333	  0.083333	
  0.225000	  0.087500	  0.066667	  0.620833	
  0.000000	  0.083333	  0.000000	  0.916667	
  0.000000	  0.000000	  1.000000	  0.000000	
  0.000000	  0.000000	  0.000000	  1.000000	
  1.000000	  0.000000	  0.000000	  0.000000	

MOTIF SMARC_disc1 SMARCB1_HeLa-S3_encode-Snyder_seq_hsa_IgG-mus_r1:MEME#1#Intergenic

letter-probability matrix: alength= 4 w= 10 nsites= 20 E= 0
  0.132231	  0.578513	  0.256198	  0.033058	
  0.000000	  0.000000	  0.000000	  1.000000	
  0.000000	  0.008264	  0.966943	  0.024793	
  1.000000	  0.000000	  0.000000	  0.000000	
  0.074380	  0.330579	  0.595041	  0.000000	
  0.000000	  0.000000	  0.000000	  1.000000	
  0.008264	  0.991736	  0.000000	  0.000000	
  0.950414	  0.041322	  0.000000	  0.008264	
  0.000000	  0.636364	  0.024793	  0.338843	
  0.082645	  0.652893	  0.115702	  0.148760	

MOTIF CTCF_disc3 CTCF_K562_encode-Crawford_seq_hsa_r1:Trawler#3#Intergenic

letter-probability matrix: alength= 4 w= 9 nsites= 20 E= 0
  1.000000	  0.000000	  0.000000	  0.000000	
  0.000000	  1.000000	  0.000000	  0.000000	
  0.000000	  0.000000	  0.000000	  1.000000	
  1.000000	  0.000000	  0.000000	  0.000000	
  0.000000	  0.000000	  1.000000	  0.000000	
  1.000000	  0.000000	  0.000000	  0.000000	
  0.000000	  0.000000	  0.666667	  0.333333	
  0.000000	  0.037037	  0.925926	  0.037037	
  0.259259	  0.074074	  0.629630	  0.037037	

MOTIF POU5F1_disc1 POU5F1_H1-hESC_encode-Myers_seq_hsa_v041610.2-SC-9081_r1:MEME#2#Intergenic

letter-probability matrix: alength= 4 w= 15 nsites= 20 E= 0
  0.540773	  0.133047	  0.115880	  0.210300	
  0.090129	  0.107296	  0.077253	  0.725322	
  0.163090	  0.270386	  0.060086	  0.506438	
  0.150215	  0.034335	  0.025751	  0.789699	
  0.145923	  0.120172	  0.729613	  0.004292	
  0.128755	  0.871245	  0.000000	  0.000000	
  0.978541	  0.000000	  0.004292	  0.017167	
  0.042918	  0.000000	  0.000000	  0.957082	
  0.484979	  0.107296	  0.274678	  0.133047	
