MEME version 4.4

ALPHABET= ACGT

strands: + -

Background letter frequencies (from uniform background):
A 0.25000 C 0.25000 G 0.25000 T 0.25000 

MOTIF 3Dfootprint_NFATC1 

letter-probability matrix: alength= 4 w= 8 nsites= 96 E= 0
  0.135417	  0.135417	  0.166667	  0.562500	
  0.250000	  0.250000	  0.250000	  0.250000	
  0.166667	  0.135417	  0.135417	  0.562500	
  0.000000	  0.000000	  0.000000	  1.000000	
  0.000000	  1.000000	  0.000000	  0.000000	
  0.000000	  1.000000	  0.000000	  0.000000	
  0.000000	  0.000000	  0.000000	  1.000000	
  0.000000	  1.000000	  0.000000	  0.000000	

MOTIF 3Dfootprint_Max_1 

letter-probability matrix: alength= 4 w= 4 nsites= 96 E= 0
  0.000000	  1.000000	  0.000000	  0.000000	
  0.041667	  0.041667	  0.843750	  0.072917	
  0.000000	  0.000000	  0.000000	  1.000000	
  0.166667	  0.166667	  0.500000	  0.166667	

MOTIF 3Dfootprint_USF_a 

letter-probability matrix: alength= 4 w= 6 nsites= 96 E= 0
  0.125000	  0.125000	  0.625000	  0.125000	
  0.000000	  0.000000	  0.125000	  0.875000	
  0.000000	  0.000000	  1.000000	  0.000000	
  1.000000	  0.000000	  0.000000	  0.000000	
  0.250000	  0.250000	  0.250000	  0.250000	
  0.125000	  0.625000	  0.125000	  0.125000	

MOTIF 3Dfootprint_USF_b 

letter-probability matrix: alength= 4 w= 13 nsites= 96 E= 0
  0.833333	  0.000000	  0.166667	  0.000000	
  0.250000	  0.250000	  0.250000	  0.250000	
  0.250000	  0.250000	  0.250000	  0.250000	
  0.166667	  0.500000	  0.166667	  0.166667	
  0.000000	  1.000000	  0.000000	  0.000000	
  1.000000	  0.000000	  0.000000	  0.000000	
  0.000000	  1.000000	  0.000000	  0.000000	
  0.000000	  0.000000	  1.000000	  0.000000	
  0.000000	  0.000000	  0.000000	  1.000000	
  0.000000	  0.000000	  1.000000	  0.000000	
  1.000000	  0.000000	  0.000000	  0.000000	
  0.250000	  0.250000	  0.250000	  0.250000	
  0.000000	  0.833333	  0.166667	  0.000000	

MOTIF 3Dfootprint_RXRA_18 

letter-probability matrix: alength= 4 w= 13 nsites= 96 E= 0
  0.000000	  0.000000	  1.000000	  0.000000	
  0.000000	  0.000000	  1.000000	  0.000000	
  0.083333	  0.083333	  0.083333	  0.750000	
  0.000000	  1.000000	  0.000000	  0.000000	
  0.750000	  0.083333	  0.083333	  0.083333	
  0.250000	  0.250000	  0.250000	  0.250000	
  0.250000	  0.250000	  0.250000	  0.250000	
  0.250000	  0.250000	  0.250000	  0.250000	
  0.000000	  0.000000	  1.000000	  0.000000	
  0.000000	  0.000000	  1.000000	  0.000000	
  0.000000	  0.083333	  0.083333	  0.833333	
  0.000000	  1.000000	  0.000000	  0.000000	
  0.750000	  0.083333	  0.083333	  0.083333	

MOTIF 3Dfootprint_MEF2A_1 

letter-probability matrix: alength= 4 w= 16 nsites= 96 E= 0
  0.000000	  1.000000	  0.000000	  0.000000	
  0.083333	  0.083333	  0.750000	  0.083333	
  0.250000	  0.250000	  0.250000	  0.250000	
  0.166667	  0.583333	  0.166667	  0.083333	
  0.000000	  0.000000	  0.000000	  1.000000	
  1.000000	  0.000000	  0.000000	  0.000000	
  0.250000	  0.250000	  0.250000	  0.250000	
  0.250000	  0.250000	  0.250000	  0.250000	
  0.250000	  0.250000	  0.250000	  0.250000	
  0.250000	  0.250000	  0.250000	  0.250000	
  0.000000	  0.000000	  0.000000	  1.000000	
  1.000000	  0.000000	  0.000000	  0.000000	
  0.166667	  0.166667	  0.500000	  0.166667	
  0.250000	  0.250000	  0.250000	  0.250000	
  0.000000	  1.000000	  0.000000	  0.000000	
  0.000000	  0.000000	  1.000000	  0.000000	

MOTIF 3Dfootprint_TBP_1

letter-probability matrix: alength= 4 w= 8 nsites= 96 E= 0
  0.104167	  0.104167	  0.135417	  0.656250	
  1.000000	  0.000000	  0.000000	  0.000000	
  0.072917	  0.072917	  0.083333	  0.770833	
  1.000000	  0.000000	  0.000000	  0.000000	
  0.885417	  0.031250	  0.031250	  0.052083	
  0.583333	  0.135417	  0.135417	  0.145833	
  1.000000	  0.000000	  0.000000	  0.000000	
  0.197917	  0.197917	  0.395833	  0.208333	

MOTIF 3Dfootprint_HRFX1 

letter-probability matrix: alength= 4 w= 9 nsites= 96 E= 0
  0.395833	  0.197917	  0.197917	  0.208333	
  0.093750	  0.697917	  0.114583	  0.093750	
  0.218750	  0.343750	  0.218750	  0.218750	
  0.250000	  0.250000	  0.250000	  0.250000	
  0.000000	  0.000000	  1.000000	  0.000000	
  0.000000	  0.000000	  1.000000	  0.000000	
  0.250000	  0.250000	  0.250000	  0.250000	
  0.250000	  0.250000	  0.250000	  0.250000	
  0.541667	  0.145833	  0.145833	  0.166667	

MOTIF 3Dfootprint_RXRA_4 

letter-probability matrix: alength= 4 w= 5 nsites= 96 E= 0
  0.166667	  0.135417	  0.135417	  0.562500	
  0.000000	  0.000000	  1.000000	  0.000000	
  0.562500	  0.135417	  0.166667	  0.135417	
  0.000000	  1.000000	  0.000000	  0.000000	
  0.000000	  1.000000	  0.000000	  0.000000	

MOTIF 3Dfootprint_Max_2

letter-probability matrix: alength= 4 w= 8 nsites= 96 E= 0
  0.197917	  0.395833	  0.197917	  0.208333	
  0.000000	  1.000000	  0.000000	  0.000000	
  1.000000	  0.000000	  0.000000	  0.000000	
  0.000000	  1.000000	  0.000000	  0.000000	
  0.000000	  0.000000	  1.000000	  0.000000	
  0.010417	  0.000000	  0.197917	  0.791667	
  0.000000	  0.000000	  1.000000	  0.000000	
  0.000000	  0.000000	  1.000000	  0.000000	

MOTIF 3Dfootprint_Max_3

letter-probability matrix: alength= 4 w= 5 nsites= 96 E= 0
  0.166667	  0.500000	  0.166667	  0.166667	
  0.000000	  0.000000	  1.000000	  0.000000	
  0.166667	  0.000000	  0.166667	  0.666667	
  0.000000	  0.000000	  1.000000	  0.000000	
  0.000000	  0.000000	  1.000000	  0.000000	

MOTIF 3Dfootprint_ETS-1 

letter-probability matrix: alength= 4 w= 15 nsites= 96 E= 0
  0.125000	  0.125000	  0.125000	  0.625000	
  0.000000	  0.000000	  1.000000	  0.000000	
  0.125000	  0.000000	  0.875000	  0.000000	
  0.250000	  0.250000	  0.250000	  0.250000	
  0.250000	  0.250000	  0.250000	  0.250000	
  0.250000	  0.250000	  0.250000	  0.250000	
  0.250000	  0.250000	  0.250000	  0.250000	
  0.250000	  0.250000	  0.250000	  0.250000	
  0.250000	  0.250000	  0.250000	  0.250000	
  0.250000	  0.250000	  0.250000	  0.250000	
  0.250000	  0.250000	  0.250000	  0.250000	
  0.125000	  0.125000	  0.125000	  0.625000	
  0.000000	  1.000000	  0.000000	  0.000000	
  0.000000	  1.000000	  0.000000	  0.000000	
  0.000000	  0.000000	  1.000000	  0.000000	

MOTIF 3Dfootprint_MAD_PROTEIN 

letter-probability matrix: alength= 4 w= 5 nsites= 96 E= 0
  0.135417	  0.593750	  0.135417	  0.135417	
  0.208333	  0.208333	  0.375000	  0.208333	
  0.000000	  0.000000	  0.000000	  1.000000	
  0.000000	  0.000000	  1.000000	  0.000000	
  0.104167	  0.656250	  0.135417	  0.104167	

MOTIF 3Dfootprint_NFATC2_6 

letter-probability matrix: alength= 4 w= 4 nsites= 96 E= 0
  0.166667	  0.166667	  0.197917	  0.468750	
  0.000000	  0.000000	  0.000000	  1.000000	
  0.000000	  1.000000	  0.000000	  0.000000	
  0.114583	  0.697917	  0.093750	  0.093750	

MOTIF 3Dfootprint_NFATC2_7 

letter-probability matrix: alength= 4 w= 4 nsites= 96 E= 0
  0.177083	  0.166667	  0.166667	  0.489583	
  0.000000	  0.010417	  0.000000	  0.989583	
  0.000000	  1.000000	  0.000000	  0.000000	
  0.000000	  0.989583	  0.010417	  0.000000	

MOTIF 3Dfootprint_HNF1B-1

letter-probability matrix: alength= 4 w= 15 nsites= 96 E= 0
  0.166667	  0.166667	  0.166667	  0.500000	
  0.083333	  0.083333	  0.750000	  0.083333	
  0.000000	  0.000000	  1.000000	  0.000000	
  0.000000	  0.000000	  0.000000	  1.000000	
  0.000000	  0.000000	  1.000000	  0.000000	
  1.000000	  0.000000	  0.000000	  0.000000	
  1.000000	  0.000000	  0.000000	  0.000000	
  0.000000	  0.000000	  0.000000	  1.000000	
  0.166667	  0.083333	  0.166667	  0.583333	
  1.000000	  0.000000	  0.000000	  0.000000	
  0.000000	  0.000000	  0.000000	  1.000000	
  0.000000	  0.000000	  0.000000	  1.000000	
  1.000000	  0.000000	  0.000000	  0.000000	
  1.000000	  0.000000	  0.000000	  0.000000	
  0.000000	  1.000000	  0.000000	  0.000000	

MOTIF 3Dfootprint_ETS1_1 

letter-probability matrix: alength= 4 w= 4 nsites= 96 E= 0
  0.010417	  0.958333	  0.010417	  0.020833	
  0.000000	  1.000000	  0.000000	  0.000000	
  0.072917	  0.072917	  0.770833	  0.083333	
  0.104167	  0.135417	  0.656250	  0.104167	

MOTIF 3Dfootprint_FOXO3 

letter-probability matrix: alength= 4 w= 6 nsites= 96 E= 0
  0.135417	  0.135417	  0.145833	  0.583333	
  0.072917	  0.072917	  0.770833	  0.083333	
  0.197917	  0.197917	  0.197917	  0.406250	
  0.000000	  0.000000	  0.000000	  1.000000	
  0.062500	  0.062500	  0.062500	  0.812500	
  0.916667	  0.020833	  0.020833	  0.041667	

MOTIF 3Dfootprint_SOX-9 

letter-probability matrix: alength= 4 w= 6 nsites= 96 E= 0
  0.000000	  0.000000	  0.000000	  1.000000	
  0.125000	  0.625000	  0.125000	  0.125000	
  1.000000	  0.000000	  0.000000	  0.000000	
  0.875000	  0.000000	  0.125000	  0.000000	
  1.000000	  0.000000	  0.000000	  0.000000	
  0.125000	  0.125000	  0.625000	  0.125000	

MOTIF 3Dfootprint_ZBTB33_1 

letter-probability matrix: alength= 4 w= 8 nsites= 96 E= 0
  0.125000	  0.125000	  0.125000	  0.625000	
  0.000000	  1.000000	  0.000000	  0.000000	
  0.000000	  1.000000	  0.000000	  0.000000	
  0.000000	  0.125000	  0.000000	  0.875000	
  0.000000	  0.000000	  1.000000	  0.000000	
  0.000000	  1.000000	  0.000000	  0.000000	
  0.125000	  0.750000	  0.125000	  0.000000	
  0.875000	  0.000000	  0.125000	  0.000000	

MOTIF 3Dfootprint_ZBTB33_2 

letter-probability matrix: alength= 4 w= 9 nsites= 96 E= 0
  0.135417	  0.593750	  0.135417	  0.135417	
  0.250000	  0.250000	  0.250000	  0.250000	
  0.083333	  0.770833	  0.072917	  0.072917	
  0.250000	  0.250000	  0.250000	  0.250000	
  0.250000	  0.250000	  0.250000	  0.250000	
  0.250000	  0.250000	  0.250000	  0.250000	
  0.250000	  0.250000	  0.250000	  0.250000	
  0.104167	  0.104167	  0.104167	  0.687500	
  0.197917	  0.395833	  0.208333	  0.197917	

MOTIF 3Dfootprint_GATA3_1  

letter-probability matrix: alength= 4 w= 10 nsites= 96 E= 0
  0.197917	  0.395833	  0.208333	  0.197917	
  0.583333	  0.135417	  0.135417	  0.145833	
  0.041667	  0.041667	  0.041667	  0.875000	
  0.062500	  0.812500	  0.062500	  0.062500	
  0.031250	  0.031250	  0.031250	  0.906250	
  0.000000	  0.000000	  1.000000	  0.000000	
  0.812500	  0.062500	  0.062500	  0.062500	
  0.000000	  0.000000	  0.000000	  1.000000	
  0.916667	  0.041667	  0.020833	  0.020833	
  0.770833	  0.072917	  0.083333	  0.072917	

MOTIF 3Dfootprint_AP-1_FRAGMENT_FOS 

letter-probability matrix: alength= 4 w= 15 nsites= 96 E= 0
  0.000000	  0.000000	  1.000000	  0.000000	
  0.000000	  0.000000	  1.000000	  0.000000	
  1.000000	  0.000000	  0.000000	  0.000000	
  0.708333	  0.041667	  0.187500	  0.062500	
  0.250000	  0.250000	  0.250000	  0.250000	
  0.635417	  0.135417	  0.093750	  0.135417	
  0.250000	  0.250000	  0.250000	  0.250000	
  0.208333	  0.135417	  0.093750	  0.562500	
  0.000000	  0.041667	  0.000000	  0.958333	
  0.000000	  0.000000	  1.000000	  0.000000	
  0.250000	  0.250000	  0.250000	  0.250000	
  0.041667	  0.156250	  0.041667	  0.760417	
  0.000000	  0.000000	  0.000000	  1.000000	
  0.000000	  1.000000	  0.000000	  0.000000	
  1.000000	  0.000000	  0.000000	  0.000000	

MOTIF 3Dfootprint_NFAT 

letter-probability matrix: alength= 4 w= 4 nsites= 96 E= 0
  0.031250	  0.031250	  0.895833	  0.041667	
  0.000000	  0.000000	  1.000000	  0.000000	
  0.979167	  0.000000	  0.000000	  0.020833	
  0.427083	  0.125000	  0.291667	  0.156250	

MOTIF 3Dfootprint_NFKB_1 

letter-probability matrix: alength= 4 w= 6 nsites= 96 E= 0
  0.000000	  0.000000	  1.000000	  0.000000	
  0.000000	  0.000000	  1.000000	  0.000000	
  0.000000	  0.000000	  1.000000	  0.000000	
  0.000000	  0.000000	  1.000000	  0.000000	
  0.562500	  0.135417	  0.166667	  0.135417	
  0.562500	  0.135417	  0.166667	  0.135417	

MOTIF 3Dfootprint_NFKB_2

letter-probability matrix: alength= 4 w= 11 nsites= 96 E= 0
  0.000000	  0.000000	  1.000000	  0.000000	
  0.000000	  0.000000	  1.000000	  0.000000	
  0.000000	  0.000000	  1.000000	  0.000000	
  0.000000	  0.000000	  1.000000	  0.000000	
  0.760417	  0.093750	  0.072917	  0.072917	
  0.760417	  0.093750	  0.072917	  0.072917	
  0.072917	  0.093750	  0.072917	  0.760417	
  0.000000	  1.000000	  0.000000	  0.000000	
  0.000000	  1.000000	  0.000000	  0.000000	
  0.000000	  1.000000	  0.000000	  0.000000	
  0.072917	  0.760417	  0.093750	  0.072917	

MOTIF 3Dfootprint_NR1D1_1

letter-probability matrix: alength= 4 w= 5 nsites= 96 E= 0
  0.000000	  0.000000	  1.000000	  0.000000	
  0.375000	  0.250000	  0.250000	  0.125000	
  0.000000	  1.000000	  0.000000	  0.000000	
  0.000000	  1.000000	  0.000000	  0.000000	
  0.000000	  0.375000	  0.125000	  0.500000	

MOTIF 3Dfootprint_NR1D1_2 

letter-probability matrix: alength= 4 w= 14 nsites= 96 E= 0
  0.135417	  0.052083	  0.052083	  0.760417	
  0.000000	  0.000000	  1.000000	  0.000000	
  0.645833	  0.114583	  0.114583	  0.125000	
  0.000000	  1.000000	  0.000000	  0.000000	
  0.000000	  1.000000	  0.000000	  0.000000	
  0.250000	  0.250000	  0.250000	  0.250000	
  0.250000	  0.250000	  0.250000	  0.250000	
  0.250000	  0.250000	  0.250000	  0.250000	
  0.135417	  0.114583	  0.052083	  0.697917	
  0.000000	  0.000000	  1.000000	  0.000000	
  1.000000	  0.000000	  0.000000	  0.000000	
  0.000000	  1.000000	  0.000000	  0.000000	
  0.000000	  1.000000	  0.000000	  0.000000	
  0.052083	  0.197917	  0.052083	  0.697917	

MOTIF 3Dfootprint_SREBP-1a_1 

letter-probability matrix: alength= 4 w= 5 nsites= 96 E= 0
  0.000000	  0.000000	  0.000000	  1.000000	
  0.000000	  1.000000	  0.000000	  0.000000	
  0.666667	  0.166667	  0.166667	  0.000000	
  0.000000	  1.000000	  0.000000	  0.000000	
  0.166667	  0.500000	  0.166667	  0.166667	

MOTIF 3Dfootprint_SREBP-1a_2

letter-probability matrix: alength= 4 w= 9 nsites= 96 E= 0
  0.000000	  0.000000	  0.000000	  1.000000	
  0.000000	  1.000000	  0.000000	  0.000000	
  0.697917	  0.093750	  0.093750	  0.114583	
  0.000000	  1.000000	  0.000000	  0.000000	
  0.093750	  0.718750	  0.093750	  0.093750	
  0.000000	  1.000000	  0.000000	  0.000000	
  0.000000	  1.000000	  0.000000	  0.000000	
  0.697917	  0.093750	  0.114583	  0.093750	
  0.000000	  1.000000	  0.000000	  0.000000	

MOTIF 3Dfootprint_SREBP-1a_3 

letter-probability matrix: alength= 4 w= 9 nsites= 96 E= 0
  0.000000	  0.000000	  0.000000	  1.000000	
  0.000000	  1.000000	  0.000000	  0.000000	
  1.000000	  0.000000	  0.000000	  0.000000	
  0.166667	  0.562500	  0.135417	  0.135417	
  0.135417	  0.593750	  0.135417	  0.135417	
  0.000000	  1.000000	  0.000000	  0.000000	
  0.000000	  1.000000	  0.000000	  0.000000	
  1.000000	  0.000000	  0.000000	  0.000000	
  0.000000	  1.000000	  0.000000	  0.000000	

MOTIF 3Dfootprint_HOX-B1_1

letter-probability matrix: alength= 4 w= 6 nsites= 96 E= 0
  0.156250	  0.281250	  0.000000	  0.562500	
  0.072917	  0.000000	  0.927083	  0.000000	
  1.000000	  0.000000	  0.000000	  0.000000	
  0.635417	  0.229167	  0.000000	  0.135417	
  0.250000	  0.250000	  0.250000	  0.250000	
  0.135417	  0.208333	  0.500000	  0.156250	

MOTIF 3Dfootprint_HOX-B1_2

letter-probability matrix: alength= 4 w= 8 nsites= 96 E= 0
  0.697917	  0.114583	  0.093750	  0.093750	
  0.000000	  0.000000	  0.000000	  1.000000	
  0.000000	  0.000000	  1.000000	  0.000000	
  1.000000	  0.000000	  0.000000	  0.000000	
  0.000000	  0.000000	  0.000000	  1.000000	
  0.093750	  0.093750	  0.093750	  0.718750	
  0.093750	  0.093750	  0.697917	  0.114583	
  1.000000	  0.000000	  0.000000	  0.000000	

MOTIF 3Dfootprint_SRF_ETS-DOMAIN

letter-probability matrix: alength= 4 w= 6 nsites= 96 E= 0
  0.666667	  0.104167	  0.125000	  0.104167	
  0.000000	  0.000000	  1.000000	  0.000000	
  0.000000	  0.000000	  1.000000	  0.000000	
  1.000000	  0.000000	  0.000000	  0.000000	
  0.104167	  0.125000	  0.000000	  0.770833	
  0.104167	  0.125000	  0.666667	  0.104167	

MOTIF 3Dfootprint_SAP-1_ETS_DOMAIN

letter-probability matrix: alength= 4 w= 5 nsites= 96 E= 0
  0.000000	  0.833333	  0.000000	  0.166667	
  0.000000	  0.000000	  1.000000	  0.000000	
  0.000000	  0.000000	  1.000000	  0.000000	
  0.833333	  0.000000	  0.166667	  0.000000	
  0.500000	  0.166667	  0.166667	  0.166667	

MOTIF 3Dfootprint_STAT1

letter-probability matrix: alength= 4 w= 8 nsites= 96 E= 0
  0.000000	  0.000000	  1.000000	  0.000000	
  0.135417	  0.562500	  0.166667	  0.135417	
  0.250000	  0.250000	  0.250000	  0.250000	
  0.250000	  0.250000	  0.250000	  0.250000	
  0.135417	  0.135417	  0.135417	  0.593750	
  0.000000	  0.000000	  0.000000	  1.000000	
  1.000000	  0.000000	  0.000000	  0.000000	
  0.000000	  1.000000	  0.000000	  0.000000	

MOTIF 3Dfootprint_RXRA_16 

letter-probability matrix: alength= 4 w= 5 nsites= 96 E= 0
  0.000000	  0.000000	  1.000000	  0.000000	
  0.000000	  0.000000	  1.000000	  0.000000	
  0.135417	  0.166667	  0.135417	  0.562500	
  0.000000	  1.000000	  0.000000	  0.000000	
  0.562500	  0.135417	  0.135417	  0.166667	

MOTIF 3Dfootprint_ MEF2A_2

letter-probability matrix: alength= 4 w= 6 nsites= 96 E= 0
  0.000000	  1.000000	  0.000000	  0.000000	
  0.166667	  0.135417	  0.562500	  0.135417	
  0.250000	  0.250000	  0.250000	  0.250000	
  0.135417	  0.562500	  0.166667	  0.135417	
  0.000000	  0.000000	  0.000000	  1.000000	
  1.000000	  0.000000	  0.000000	  0.000000	

MOTIF 3Dfootprint_TBP_2

letter-probability matrix: alength= 4 w= 8 nsites= 96 E= 0
  0.135417	  0.593750	  0.135417	  0.135417	
  0.000000	  0.000000	  0.000000	  1.000000	
  0.135417	  0.166667	  0.135417	  0.562500	
  0.000000	  0.000000	  0.000000	  1.000000	
  0.000000	  0.000000	  0.000000	  1.000000	
  1.000000	  0.000000	  0.000000	  0.000000	
  0.000000	  0.000000	  0.000000	  1.000000	
  1.000000	  0.000000	  0.000000	  0.000000	

MOTIF 3Dfootprint_E2F-4_1 

letter-probability matrix: alength= 4 w= 7 nsites= 96 E= 0
  0.000000	  1.000000	  0.000000	  0.000000	
  0.000000	  0.000000	  1.000000	  0.000000	
  0.000000	  1.000000	  0.000000	  0.000000	
  0.010417	  0.083333	  0.906250	  0.000000	
  0.197917	  0.635417	  0.083333	  0.083333	
  0.177083	  0.177083	  0.541667	  0.104167	
  0.906250	  0.000000	  0.083333	  0.010417	

MOTIF 3Dfootprint_E2F-4_2 

letter-probability matrix: alength= 4 w= 7 nsites= 96 E= 0
  0.135417	  0.729167	  0.135417	  0.000000	
  0.000000	  0.000000	  1.000000	  0.000000	
  0.000000	  1.000000	  0.000000	  0.000000	
  0.000000	  0.000000	  1.000000	  0.000000	
  0.000000	  1.000000	  0.000000	  0.000000	
  0.145833	  0.000000	  0.854167	  0.000000	
  0.593750	  0.135417	  0.135417	  0.135417	

MOTIF 3Dfootprint_TFDP2

letter-probability matrix: alength= 4 w= 5 nsites= 96 E= 0
  0.010417	  0.791667	  0.197917	  0.000000	
  0.000000	  0.000000	  1.000000	  0.000000	
  0.000000	  1.000000	  0.000000	  0.000000	
  0.000000	  0.000000	  1.000000	  0.000000	
  0.395833	  0.197917	  0.208333	  0.197917	

MOTIF 3Dfootprint_POU2F1_1 

letter-probability matrix: alength= 4 w= 10 nsites= 96 E= 0
  0.125000	  0.104167	  0.104167	  0.666667	
  1.000000	  0.000000	  0.000000	  0.000000	
  0.000000	  0.000000	  0.000000	  1.000000	
  0.250000	  0.250000	  0.250000	  0.250000	
  0.000000	  1.000000	  0.000000	  0.000000	
  0.791667	  0.104167	  0.000000	  0.104167	
  1.000000	  0.000000	  0.000000	  0.000000	
  1.000000	  0.000000	  0.000000	  0.000000	
  0.000000	  0.000000	  0.000000	  1.000000	
  0.687500	  0.104167	  0.104167	  0.104167	

MOTIF 3Dfootprint_POU2F1_2 

letter-probability matrix: alength= 4 w= 10 nsites= 96 E= 0
  0.000000	  0.000000	  0.000000	  1.000000	
  1.000000	  0.000000	  0.000000	  0.000000	
  0.093750	  0.093750	  0.114583	  0.697917	
  0.093750	  0.093750	  0.718750	  0.093750	
  0.000000	  1.000000	  0.000000	  0.000000	
  1.000000	  0.000000	  0.000000	  0.000000	
  1.000000	  0.000000	  0.000000	  0.000000	
  1.000000	  0.000000	  0.000000	  0.000000	
  0.000000	  0.000000	  0.000000	  1.000000	
  0.697917	  0.093750	  0.093750	  0.114583	

MOTIF 3Dfootprint_NR1B1_1 

letter-probability matrix: alength= 4 w= 5 nsites= 96 E= 0
  0.135417	  0.020833	  0.281250	  0.562500	
  0.000000	  0.000000	  1.000000	  0.000000	
  0.427083	  0.156250	  0.281250	  0.135417	
  0.000000	  1.000000	  0.000000	  0.000000	
  0.000000	  1.000000	  0.000000	  0.000000	

MOTIF 3Dfootprint_NR1B1_2 

letter-probability matrix: alength= 4 w= 12 nsites= 96 E= 0
  0.052083	  0.052083	  0.135417	  0.760417	
  0.000000	  0.000000	  1.000000	  0.000000	
  0.822917	  0.000000	  0.166667	  0.010417	
  0.000000	  1.000000	  0.000000	  0.000000	
  0.000000	  1.000000	  0.000000	  0.000000	
  0.135417	  0.583333	  0.052083	  0.229167	
  0.250000	  0.250000	  0.250000	  0.250000	
  0.000000	  0.000000	  0.062500	  0.937500	
  0.000000	  0.000000	  1.000000	  0.000000	
  0.645833	  0.135417	  0.166667	  0.052083	
  0.000000	  1.000000	  0.000000	  0.000000	
  0.000000	  1.000000	  0.000000	  0.000000	

MOTIF 3Dfootprint_ELK-1 

letter-probability matrix: alength= 4 w= 7 nsites= 96 E= 0
  0.125000	  0.500000	  0.125000	  0.250000	
  0.000000	  1.000000	  0.000000	  0.000000	
  0.000000	  0.000000	  1.000000	  0.000000	
  0.000000	  0.000000	  1.000000	  0.000000	
  1.000000	  0.000000	  0.000000	  0.000000	
  0.250000	  0.250000	  0.250000	  0.250000	
  0.250000	  0.125000	  0.500000	  0.125000	

MOTIF 3Dfootprint_OCT-1_6 

letter-probability matrix: alength= 4 w= 7 nsites= 96 E= 0
  1.000000	  0.000000	  0.000000	  0.000000	
  0.114583	  0.093750	  0.093750	  0.697917	
  0.093750	  0.093750	  0.718750	  0.093750	
  0.000000	  1.000000	  0.000000	  0.000000	
  1.000000	  0.000000	  0.000000	  0.000000	
  0.000000	  0.000000	  0.000000	  1.000000	
  0.114583	  0.093750	  0.697917	  0.093750	

MOTIF 3Dfootprint_MEF2C 

letter-probability matrix: alength= 4 w= 10 nsites= 96 E= 0
  0.000000	  1.000000	  0.000000	  0.000000	
  0.000000	  0.104167	  0.000000	  0.895833	
  0.718750	  0.093750	  0.093750	  0.093750	
  0.250000	  0.250000	  0.250000	  0.250000	
  0.250000	  0.250000	  0.250000	  0.250000	
  0.250000	  0.250000	  0.250000	  0.250000	
  0.250000	  0.250000	  0.250000	  0.250000	
  0.010417	  0.093750	  0.000000	  0.895833	
  0.895833	  0.000000	  0.104167	  0.000000	
  0.093750	  0.093750	  0.697917	  0.114583	

MOTIF 3Dfootprint_P55-C-FOS_1 

letter-probability matrix: alength= 4 w= 5 nsites= 96 E= 0
  0.697917	  0.093750	  0.093750	  0.114583	
  0.000000	  0.000000	  1.000000	  0.000000	
  0.093750	  0.114583	  0.093750	  0.697917	
  0.114583	  0.697917	  0.093750	  0.093750	
  1.000000	  0.000000	  0.000000	  0.000000	

MOTIF 3Dfootprint_P55-C-FOS_2

letter-probability matrix: alength= 4 w= 7 nsites= 96 E= 0
  0.104167	  0.104167	  0.114583	  0.677083	
  0.218750	  0.218750	  0.343750	  0.218750	
  0.895833	  0.031250	  0.041667	  0.031250	
  0.000000	  0.177083	  0.802083	  0.020833	
  0.072917	  0.072917	  0.104167	  0.750000	
  0.135417	  0.583333	  0.145833	  0.135417	
  0.791667	  0.072917	  0.072917	  0.062500	

MOTIF 3Dfootprint_P55-C-FOS_3 

letter-probability matrix: alength= 4 w= 8 nsites= 96 E= 0
  0.135417	  0.135417	  0.593750	  0.135417	
  1.000000	  0.000000	  0.000000	  0.000000	
  0.000000	  1.000000	  0.000000	  0.000000	
  0.000000	  0.000000	  0.000000	  1.000000	
  0.000000	  1.000000	  0.000000	  0.000000	
  1.000000	  0.000000	  0.000000	  0.000000	
  0.250000	  0.250000	  0.250000	  0.250000	
  0.593750	  0.135417	  0.135417	  0.135417	

MOTIF 3Dfootprint_NR1D1_4 

letter-probability matrix: alength= 4 w= 17 nsites= 96 E= 0
  0.000000	  0.041667	  0.041667	  0.916667	
  0.000000	  0.000000	  1.000000	  0.000000	
  0.166667	  0.750000	  0.041667	  0.041667	
  0.000000	  1.000000	  0.000000	  0.000000	
  0.010417	  0.947917	  0.041667	  0.000000	
  0.250000	  0.250000	  0.250000	  0.250000	
  0.250000	  0.250000	  0.250000	  0.250000	
  0.250000	  0.250000	  0.250000	  0.250000	
  0.000000	  0.041667	  0.062500	  0.895833	
  0.000000	  0.000000	  1.000000	  0.000000	
  0.895833	  0.041667	  0.000000	  0.062500	
  0.000000	  1.000000	  0.000000	  0.000000	
  0.000000	  1.000000	  0.000000	  0.000000	
  0.093750	  0.093750	  0.041667	  0.770833	
  0.250000	  0.250000	  0.250000	  0.250000	
  0.250000	  0.250000	  0.250000	  0.250000	
  0.093750	  0.093750	  0.062500	  0.750000	

MOTIF 3Dfootprint_NR1D1_5 

letter-probability matrix: alength= 4 w= 5 nsites= 96 E= 0
  0.135417	  0.135417	  0.135417	  0.593750	
  0.000000	  0.000000	  1.000000	  0.000000	
  0.593750	  0.135417	  0.135417	  0.135417	
  0.000000	  1.000000	  0.000000	  0.000000	
  0.000000	  1.000000	  0.000000	  0.000000	

MOTIF 3Dfootprint_OCT-1_2 

letter-probability matrix: alength= 4 w= 9 nsites= 96 E= 0
  0.083333	  0.083333	  0.750000	  0.083333	
  1.000000	  0.000000	  0.000000	  0.000000	
  0.000000	  0.000000	  0.000000	  1.000000	
  0.000000	  0.000000	  1.000000	  0.000000	
  0.000000	  1.000000	  0.000000	  0.000000	
  0.000000	  0.083333	  0.010417	  0.906250	
  0.718750	  0.083333	  0.114583	  0.083333	
  1.000000	  0.000000	  0.000000	  0.000000	
  0.114583	  0.083333	  0.083333	  0.718750	

MOTIF 3Dfootprint_OCT-1_3 

letter-probability matrix: alength= 4 w= 18 nsites= 96 E= 0
  0.000000	  1.000000	  0.000000	  0.000000	
  0.000000	  0.000000	  0.000000	  1.000000	
  0.000000	  0.000000	  0.000000	  1.000000	
  0.000000	  0.000000	  0.000000	  1.000000	
  0.125000	  0.000000	  0.875000	  0.000000	
  0.000000	  0.000000	  0.000000	  1.000000	
  0.250000	  0.250000	  0.250000	  0.250000	
  0.250000	  0.250000	  0.250000	  0.250000	
  0.145833	  0.062500	  0.729167	  0.062500	
  0.062500	  0.083333	  0.791667	  0.062500	
  1.000000	  0.000000	  0.000000	  0.000000	
  0.000000	  0.000000	  0.000000	  1.000000	
  0.000000	  0.000000	  1.000000	  0.000000	
  0.000000	  1.000000	  0.000000	  0.000000	
  0.000000	  0.062500	  0.010417	  0.927083	
  0.791667	  0.083333	  0.062500	  0.062500	
  1.000000	  0.000000	  0.000000	  0.000000	
  0.062500	  0.072917	  0.000000	  0.864583	

MOTIF 3Dfootprint_CEBPB_3 

letter-probability matrix: alength= 4 w= 9 nsites= 96 E= 0
  0.000000	  0.000000	  0.000000	  1.000000	
  0.000000	  0.000000	  0.000000	  1.000000	
  0.250000	  0.125000	  0.500000	  0.125000	
  0.000000	  1.000000	  0.000000	  0.000000	
  0.000000	  0.000000	  1.000000	  0.000000	
  0.000000	  1.000000	  0.000000	  0.000000	
  0.000000	  1.000000	  0.000000	  0.000000	
  1.000000	  0.000000	  0.000000	  0.000000	
  0.125000	  0.500000	  0.250000	  0.125000	

MOTIF 3Dfootprint_CEBPB_2 

letter-probability matrix: alength= 4 w= 5 nsites= 96 E= 0
  0.052083	  0.052083	  0.854167	  0.041667	
  0.020833	  0.916667	  0.031250	  0.031250	
  0.041667	  0.854167	  0.062500	  0.041667	
  0.791667	  0.052083	  0.072917	  0.083333	
  0.135417	  0.458333	  0.135417	  0.270833	

MOTIF 3Dfootprint_CEBPB_4 

letter-probability matrix: alength= 4 w= 8 nsites= 96 E= 0
  0.093750	  0.093750	  0.104167	  0.708333	
  0.031250	  0.093750	  0.000000	  0.875000	
  0.458333	  0.062500	  0.416667	  0.062500	
  0.052083	  0.854167	  0.041667	  0.052083	
  0.145833	  0.062500	  0.729167	  0.062500	
  0.000000	  0.989583	  0.010417	  0.000000	
  0.875000	  0.010417	  0.093750	  0.020833	
  0.812500	  0.062500	  0.072917	  0.052083	

MOTIF 3Dfootprint_CEBPB_5 

letter-probability matrix: alength= 4 w= 4 nsites= 96 E= 0
  0.229167	  0.156250	  0.468750	  0.145833	
  0.010417	  0.989583	  0.000000	  0.000000	
  0.875000	  0.000000	  0.104167	  0.020833	
  0.812500	  0.062500	  0.072917	  0.052083	

MOTIF 3Dfootprint_CEBPB_6 

letter-probability matrix: alength= 4 w= 9 nsites= 96 E= 0
  0.000000	  0.000000	  0.000000	  1.000000	
  0.000000	  0.000000	  0.000000	  1.000000	
  0.000000	  0.000000	  1.000000	  0.000000	
  0.218750	  0.104167	  0.552083	  0.125000	
  0.250000	  0.250000	  0.250000	  0.250000	
  0.125000	  0.552083	  0.104167	  0.218750	
  1.000000	  0.000000	  0.000000	  0.000000	
  1.000000	  0.000000	  0.000000	  0.000000	
  0.000000	  0.895833	  0.000000	  0.104167	

MOTIF 3Dfootprint_CEBPB_7 

letter-probability matrix: alength= 4 w= 4 nsites= 96 E= 0
  0.135417	  0.593750	  0.135417	  0.135417	
  1.000000	  0.000000	  0.000000	  0.000000	
  1.000000	  0.000000	  0.000000	  0.000000	
  0.135417	  0.593750	  0.135417	  0.135417	

MOTIF 3Dfootprint_T-BOX-TBX3_1 

letter-probability matrix: alength= 4 w= 18 nsites= 96 E= 0
  0.000000	  0.000000	  0.000000	  1.000000	
  0.250000	  0.250000	  0.250000	  0.250000	
  0.250000	  0.250000	  0.250000	  0.250000	
  0.250000	  0.250000	  0.250000	  0.250000	
  0.000000	  1.000000	  0.000000	  0.000000	
  1.000000	  0.000000	  0.000000	  0.000000	
  0.000000	  0.979167	  0.010417	  0.010417	
  0.072917	  0.614583	  0.218750	  0.093750	
  0.052083	  0.177083	  0.093750	  0.677083	
  0.593750	  0.239583	  0.072917	  0.093750	
  0.000000	  0.010417	  0.989583	  0.000000	
  0.093750	  0.093750	  0.635417	  0.177083	
  0.000000	  0.000000	  0.000000	  1.000000	
  0.000000	  0.000000	  1.000000	  0.000000	
  0.250000	  0.250000	  0.250000	  0.250000	
  0.250000	  0.250000	  0.250000	  0.250000	
  0.250000	  0.250000	  0.250000	  0.250000	
  1.000000	  0.000000	  0.000000	  0.000000	

MOTIF 3Dfootprint_T-BOX-TBX3_2 

letter-probability matrix: alength= 4 w= 7 nsites= 96 E= 0
  0.114583	  0.093750	  0.093750	  0.697917	
  0.250000	  0.250000	  0.250000	  0.250000	
  0.250000	  0.250000	  0.250000	  0.250000	
  0.250000	  0.250000	  0.250000	  0.250000	
  0.000000	  1.000000	  0.000000	  0.000000	
  0.718750	  0.093750	  0.093750	  0.093750	
  0.208333	  0.697917	  0.093750	  0.000000	

MOTIF 3Dfootprint_CEBPB_8 

letter-probability matrix: alength= 4 w= 20 nsites= 96 E= 0
  0.125000	  0.041667	  0.791667	  0.041667	
  0.000000	  0.000000	  0.000000	  1.000000	
  0.000000	  0.000000	  1.000000	  0.000000	
  0.000000	  0.000000	  1.000000	  0.000000	
  0.000000	  1.000000	  0.000000	  0.000000	
  0.000000	  0.000000	  1.000000	  0.000000	
  0.166667	  0.750000	  0.041667	  0.041667	
  1.000000	  0.000000	  0.000000	  0.000000	
  1.000000	  0.000000	  0.000000	  0.000000	
  0.250000	  0.250000	  0.250000	  0.250000	
  0.250000	  0.250000	  0.250000	  0.250000	
  0.250000	  0.250000	  0.250000	  0.250000	
  0.250000	  0.250000	  0.250000	  0.250000	
  0.041667	  0.041667	  0.041667	  0.875000	
  1.000000	  0.000000	  0.000000	  0.000000	
  1.000000	  0.000000	  0.000000	  0.000000	
  0.000000	  1.000000	  0.000000	  0.000000	
  0.093750	  0.041667	  0.770833	  0.093750	
  0.000000	  0.093750	  0.906250	  0.000000	
  0.875000	  0.041667	  0.041667	  0.041667	

MOTIF 3Dfootprint_CEBPB_9 

letter-probability matrix: alength= 4 w= 5 nsites= 96 E= 0
  0.260417	  0.135417	  0.479167	  0.125000	
  0.062500	  0.041667	  0.041667	  0.854167	
  0.041667	  0.041667	  0.864583	  0.052083	
  0.031250	  0.020833	  0.927083	  0.020833	
  0.104167	  0.739583	  0.083333	  0.072917	

MOTIF 3Dfootprint_CEBPB_10 

letter-probability matrix: alength= 4 w= 19 nsites= 96 E= 0
  0.000000	  0.000000	  0.000000	  1.000000	
  0.000000	  0.000000	  1.000000	  0.000000	
  0.000000	  0.000000	  1.000000	  0.000000	
  0.000000	  1.000000	  0.000000	  0.000000	
  0.000000	  0.000000	  1.000000	  0.000000	
  0.000000	  1.000000	  0.000000	  0.000000	
  1.000000	  0.000000	  0.000000	  0.000000	
  1.000000	  0.000000	  0.000000	  0.000000	
  0.250000	  0.250000	  0.250000	  0.250000	
  0.250000	  0.250000	  0.250000	  0.250000	
  0.250000	  0.250000	  0.250000	  0.250000	
  0.250000	  0.250000	  0.250000	  0.250000	
  0.093750	  0.093750	  0.093750	  0.718750	
  1.000000	  0.000000	  0.000000	  0.000000	
  1.000000	  0.000000	  0.000000	  0.000000	
  0.000000	  1.000000	  0.000000	  0.000000	
  0.093750	  0.093750	  0.697917	  0.114583	
  0.000000	  0.000000	  1.000000	  0.000000	
  0.697917	  0.093750	  0.093750	  0.114583	

MOTIF 3Dfootprint_CEBPB_11 

letter-probability matrix: alength= 4 w= 20 nsites= 96 E= 0
  0.041667	  0.041667	  0.875000	  0.041667	
  0.000000	  0.000000	  0.000000	  1.000000	
  0.000000	  0.000000	  1.000000	  0.000000	
  0.000000	  0.000000	  1.000000	  0.000000	
  0.000000	  1.000000	  0.000000	  0.000000	
  0.000000	  0.000000	  1.000000	  0.000000	
  0.093750	  0.906250	  0.000000	  0.000000	
  1.000000	  0.000000	  0.000000	  0.000000	
  1.000000	  0.000000	  0.000000	  0.000000	
  0.052083	  0.645833	  0.041667	  0.260417	
  0.250000	  0.250000	  0.250000	  0.250000	
  0.250000	  0.250000	  0.250000	  0.250000	
  0.250000	  0.250000	  0.250000	  0.250000	
  0.041667	  0.083333	  0.052083	  0.822917	
  1.000000	  0.000000	  0.000000	  0.000000	
  0.906250	  0.000000	  0.000000	  0.093750	
  0.000000	  1.000000	  0.000000	  0.000000	
  0.041667	  0.083333	  0.833333	  0.041667	
  0.000000	  0.000000	  1.000000	  0.000000	
  0.822917	  0.083333	  0.041667	  0.052083	

MOTIF 3Dfootprint_Cbfa1 

letter-probability matrix: alength= 4 w= 7 nsites= 96 E= 0
  0.083333	  0.750000	  0.000000	  0.166667	
  0.500000	  0.166667	  0.166667	  0.166667	
  0.500000	  0.166667	  0.166667	  0.166667	
  0.000000	  1.000000	  0.000000	  0.000000	
  0.000000	  1.000000	  0.000000	  0.000000	
  0.000000	  0.000000	  1.000000	  0.000000	
  0.000000	  1.000000	  0.000000	  0.000000	

MOTIF 3Dfootprint_SRF_3 

letter-probability matrix: alength= 4 w= 16 nsites= 96 E= 0
  0.000000	  1.000000	  0.000000	  0.000000	
  0.000000	  0.000000	  1.000000	  0.000000	
  0.000000	  0.000000	  1.000000	  0.000000	
  1.000000	  0.000000	  0.000000	  0.000000	
  0.906250	  0.052083	  0.020833	  0.020833	
  0.250000	  0.250000	  0.250000	  0.250000	
  0.145833	  0.166667	  0.052083	  0.635417	
  0.000000	  1.000000	  0.000000	  0.000000	
  0.145833	  0.833333	  0.020833	  0.000000	
  0.052083	  0.083333	  0.083333	  0.781250	
  1.000000	  0.000000	  0.000000	  0.000000	
  0.833333	  0.083333	  0.000000	  0.083333	
  0.052083	  0.083333	  0.052083	  0.812500	
  0.000000	  0.000000	  0.000000	  1.000000	
  0.781250	  0.083333	  0.083333	  0.052083	
  0.000000	  0.000000	  1.000000	  0.000000	

MOTIF 3Dfootprint_SRF_4 

letter-probability matrix: alength= 4 w= 9 nsites= 96 E= 0
  0.072917	  0.072917	  0.093750	  0.760417	
  0.000000	  0.000000	  0.000000	  1.000000	
  0.760417	  0.072917	  0.093750	  0.072917	
  0.000000	  0.000000	  1.000000	  0.000000	
  0.000000	  0.000000	  1.000000	  0.000000	
  0.760417	  0.072917	  0.093750	  0.072917	
  0.250000	  0.250000	  0.250000	  0.250000	
  0.250000	  0.250000	  0.250000	  0.250000	
  0.072917	  0.072917	  0.072917	  0.781250	

MOTIF 3Dfootprint_SRF_5 

letter-probability matrix: alength= 4 w= 16 nsites= 96 E= 0
  0.000000	  0.979167	  0.010417	  0.010417	
  0.072917	  0.114583	  0.156250	  0.656250	
  1.000000	  0.000000	  0.000000	  0.000000	
  0.812500	  0.135417	  0.010417	  0.041667	
  0.156250	  0.041667	  0.010417	  0.791667	
  0.000000	  0.000000	  0.000000	  1.000000	
  0.937500	  0.010417	  0.010417	  0.041667	
  0.000000	  0.000000	  0.989583	  0.010417	
  0.000000	  0.187500	  0.812500	  0.000000	
  0.552083	  0.156250	  0.135417	  0.156250	
  0.250000	  0.250000	  0.250000	  0.250000	
  0.010417	  0.041667	  0.010417	  0.937500	
  0.000000	  0.000000	  0.000000	  1.000000	
  0.000000	  1.000000	  0.000000	  0.000000	
  0.000000	  1.000000	  0.000000	  0.000000	
  0.000000	  0.000000	  1.000000	  0.000000	

MOTIF 3Dfootprint_NR3C1_1

letter-probability matrix: alength= 4 w= 13 nsites= 96 E= 0
  0.000000	  0.000000	  1.000000	  0.000000	
  0.000000	  0.000000	  1.000000	  0.000000	
  0.093750	  0.093750	  0.114583	  0.697917	
  0.000000	  1.000000	  0.000000	  0.000000	
  0.697917	  0.114583	  0.093750	  0.093750	
  0.250000	  0.250000	  0.250000	  0.250000	
  0.250000	  0.250000	  0.250000	  0.250000	
  0.250000	  0.250000	  0.250000	  0.250000	
  0.093750	  0.114583	  0.093750	  0.697917	
  0.000000	  0.000000	  1.000000	  0.000000	
  1.000000	  0.000000	  0.000000	  0.000000	
  0.000000	  1.000000	  0.000000	  0.000000	
  0.000000	  1.000000	  0.000000	  0.000000	

MOTIF 3Dfootprint_NR3C1_2 

letter-probability matrix: alength= 4 w= 5 nsites= 96 E= 0
  0.281250	  0.156250	  0.135417	  0.427083	
  0.000000	  0.000000	  1.000000	  0.000000	
  0.562500	  0.135417	  0.302083	  0.000000	
  0.000000	  1.000000	  0.000000	  0.000000	
  0.000000	  1.000000	  0.000000	  0.000000	

MOTIF 3Dfootprint_NR3C1_3 

letter-probability matrix: alength= 4 w= 13 nsites= 96 E= 0
  0.000000	  0.000000	  1.000000	  0.000000	
  0.000000	  0.000000	  1.000000	  0.000000	
  0.114583	  0.083333	  0.083333	  0.718750	
  0.000000	  1.000000	  0.000000	  0.000000	
  0.750000	  0.083333	  0.083333	  0.083333	
  0.250000	  0.250000	  0.250000	  0.250000	
  0.250000	  0.250000	  0.250000	  0.250000	
  0.250000	  0.250000	  0.250000	  0.250000	
  0.083333	  0.083333	  0.114583	  0.718750	
  0.000000	  0.000000	  1.000000	  0.000000	
  0.906250	  0.000000	  0.083333	  0.010417	
  0.000000	  1.000000	  0.000000	  0.000000	
  0.000000	  1.000000	  0.000000	  0.000000	

MOTIF 3Dfootprint_OCT-1_4 

letter-probability matrix: alength= 4 w= 17 nsites= 96 E= 0
  0.000000	  0.750000	  0.010417	  0.239583	
  0.166667	  0.083333	  0.687500	  0.062500	
  0.000000	  0.000000	  0.000000	  1.000000	
  0.083333	  0.031250	  0.062500	  0.822917	
  0.041667	  0.000000	  0.000000	  0.958333	
  0.000000	  0.000000	  1.000000	  0.000000	
  0.864583	  0.000000	  0.135417	  0.000000	
  1.000000	  0.000000	  0.000000	  0.000000	
  1.000000	  0.000000	  0.000000	  0.000000	
  0.031250	  0.031250	  0.822917	  0.114583	
  0.093750	  0.062500	  0.750000	  0.093750	
  0.000000	  1.000000	  0.000000	  0.000000	
  1.000000	  0.000000	  0.000000	  0.000000	
  1.000000	  0.000000	  0.000000	  0.000000	
  1.000000	  0.000000	  0.000000	  0.000000	
  0.000000	  0.041667	  0.000000	  0.958333	
  0.177083	  0.000000	  0.822917	  0.000000	

MOTIF 3Dfootprint_OCT-1_5 

letter-probability matrix: alength= 4 w= 9 nsites= 96 E= 0
  0.010417	  0.760417	  0.000000	  0.229167	
  0.145833	  0.145833	  0.531250	  0.177083	
  0.000000	  0.000000	  0.000000	  1.000000	
  0.072917	  0.072917	  0.093750	  0.760417	
  0.072917	  0.000000	  0.000000	  0.927083	
  0.000000	  0.000000	  1.000000	  0.000000	
  0.843750	  0.000000	  0.156250	  0.000000	
  1.000000	  0.000000	  0.000000	  0.000000	
  1.000000	  0.000000	  0.000000	  0.000000	

MOTIF 3Dfootprint_CEBPB_12 

letter-probability matrix: alength= 4 w= 19 nsites= 96 E= 0
  0.031250	  0.750000	  0.000000	  0.218750	
  0.812500	  0.031250	  0.000000	  0.156250	
  0.531250	  0.187500	  0.156250	  0.125000	
  0.000000	  1.000000	  0.000000	  0.000000	
  0.000000	  1.000000	  0.000000	  0.000000	
  1.000000	  0.000000	  0.000000	  0.000000	
  0.000000	  1.000000	  0.000000	  0.000000	
  0.937500	  0.000000	  0.031250	  0.031250	
  0.250000	  0.250000	  0.250000	  0.250000	
  0.250000	  0.250000	  0.250000	  0.250000	
  0.250000	  0.250000	  0.250000	  0.250000	
  0.000000	  0.031250	  0.031250	  0.937500	
  0.000000	  0.000000	  0.000000	  1.000000	
  0.000000	  0.031250	  0.031250	  0.937500	
  0.000000	  0.000000	  1.000000	  0.000000	
  0.000000	  0.000000	  1.000000	  0.000000	
  0.906250	  0.062500	  0.000000	  0.031250	
  0.843750	  0.000000	  0.156250	  0.000000	
  1.000000	  0.000000	  0.000000	  0.000000	

MOTIF 3Dfootprint_CEBPB_13 

letter-probability matrix: alength= 4 w= 18 nsites= 96 E= 0
  0.895833	  0.020833	  0.020833	  0.062500	
  0.791667	  0.062500	  0.083333	  0.062500	
  0.000000	  1.000000	  0.000000	  0.000000	
  0.000000	  1.000000	  0.000000	  0.000000	
  0.927083	  0.020833	  0.031250	  0.020833	
  0.000000	  1.000000	  0.000000	  0.000000	
  0.927083	  0.031250	  0.020833	  0.020833	
  0.250000	  0.250000	  0.250000	  0.250000	
  0.250000	  0.250000	  0.250000	  0.250000	
  0.250000	  0.250000	  0.250000	  0.250000	
  0.000000	  0.000000	  0.000000	  1.000000	
  0.010417	  0.197917	  0.020833	  0.770833	
  0.031250	  0.020833	  0.020833	  0.927083	
  0.020833	  0.031250	  0.927083	  0.020833	
  0.000000	  0.000000	  1.000000	  0.000000	
  0.750000	  0.083333	  0.062500	  0.104167	
  0.750000	  0.197917	  0.020833	  0.031250	
  1.000000	  0.000000	  0.000000	  0.000000	

