MEME version 4.4

ALPHABET= ACGT

strands: + -

Background letter frequencies (from uniform background):
A 0.25000 C 0.25000 G 0.25000 T 0.25000 

MOTIF MA0488.1.JASPAR JUN

letter-probability matrix: alength= 4 w= 12 nsites= 20 E= 0
  0.339374	  0.140118	  0.237743	  0.282764	
  0.309805	  0.090757	  0.461751	  0.137686	
  0.788153	  0.034767	  0.177079	  0.000000	
  0.000000	  0.000000	  0.000000	  1.000000	
  0.000000	  0.000000	  0.994325	  0.005675	
  0.999952	  0.000000	  0.000000	  0.000048	
  0.000000	  0.163964	  0.215185	  0.620851	
  0.000000	  0.028997	  0.971003	  0.000000	
  0.044735	  0.168399	  0.000000	  0.786866	
  0.329264	  0.670736	  0.000000	  0.000000	
  1.000000	  0.000000	  0.000000	  0.000000	
  0.009681	  0.176650	  0.048455	  0.765214	

MOTIF MA0489.1.JASPAR JUN

letter-probability matrix: alength= 4 w= 13 nsites= 20 E= 0
  0.358434	  0.120847	  0.375137	  0.145582	
  0.340088	  0.102866	  0.395217	  0.161829	
  0.401241	  0.102410	  0.315900	  0.180449	
  0.378423	  0.054126	  0.384538	  0.182913	
  0.541256	  0.090635	  0.368109	  0.000000	
  0.000000	  0.000000	  0.000000	  1.000000	
  0.000000	  0.000000	  1.000000	  0.000000	
  0.999726	  0.000000	  0.000000	  0.000274	
  0.034867	  0.520628	  0.373311	  0.071194	
  0.018164	  0.000000	  0.000000	  0.981836	
  0.087258	  0.912742	  0.000000	  0.000000	
  1.000000	  0.000000	  0.000000	  0.000000	
  0.034319	  0.229007	  0.241420	  0.495254	

MOTIF JUN_f1.HOCOMOCO JUN

letter-probability matrix: alength= 4 w= 8 nsites= 20 E= 0
  0.026505	  0.026056	  0.043576	  0.903863	
  0.031447	  0.030099	  0.871518	  0.066936	
  0.887242	  0.057502	  0.010782	  0.044474	
  0.134322	  0.000449	  0.864780	  0.000449	
  0.022462	  0.008985	  0.007188	  0.961366	
  0.031896	  0.953729	  0.010332	  0.004043	
  0.982480	  0.008086	  0.003594	  0.005840	
  0.045373	  0.367026	  0.196765	  0.390836	

MOTIF Jun-AP1.HOMER K562-cJun-ChIP-Seq

letter-probability matrix: alength= 4 w= 11 nsites= 20 E= 0
  0.473000	  0.218000	  0.268000	  0.041000	
  0.001000	  0.001000	  0.001000	  0.997000	
  0.001000	  0.001000	  0.991000	  0.007000	
  0.997000	  0.001000	  0.001000	  0.001000	
  0.051000	  0.462000	  0.440000	  0.047000	
  0.021000	  0.001000	  0.001000	  0.977000	
  0.024000	  0.974000	  0.001000	  0.001000	
  0.997000	  0.001000	  0.001000	  0.001000	
  0.050000	  0.258000	  0.227000	  0.465000	
  0.210000	  0.394000	  0.153000	  0.243000	
  0.241000	  0.319000	  0.211000	  0.229000	

MOTIF c-Jun-CRE.HOMER K562-cJun-ChIP-Seq

letter-probability matrix: alength= 4 w= 11 nsites= 20 E= 0
  0.003000	  0.002000	  0.001000	  0.994000	
  0.003000	  0.004000	  0.955000	  0.038000	
  0.978000	  0.002000	  0.011000	  0.008000	
  0.020000	  0.643000	  0.127000	  0.210000	
  0.219000	  0.139000	  0.609000	  0.032000	
  0.005000	  0.011000	  0.001000	  0.983000	
  0.028000	  0.965000	  0.003000	  0.004000	
  0.987000	  0.002000	  0.002000	  0.008000	
  0.010000	  0.272000	  0.112000	  0.606000	
  0.063000	  0.652000	  0.111000	  0.174000	
  0.217000	  0.379000	  0.174000	  0.230000	

MOTIF C-JUN_1.3DFOOTPRINT C-JUN

letter-probability matrix: alength= 4 w= 7 nsites= 20 E= 0
  0.083333	  0.083333	  0.750000	  0.083333	
  0.833333	  0.083333	  0.000000	  0.083333	
  0.083333	  0.750000	  0.083333	  0.083333	
  0.000000	  0.000000	  1.000000	  0.000000	
  0.000000	  0.000000	  0.000000	  1.000000	
  0.083333	  0.750000	  0.083333	  0.083333	
  1.000000	  0.000000	  0.000000	  0.000000	

MOTIF C-JUN_2.3DFOOTPRINT C-JUN

letter-probability matrix: alength= 4 w= 4 nsites= 20 E= 0
  0.000000	  0.000000	  0.833333	  0.166667	
  0.000000	  0.000000	  0.000000	  1.000000	
  0.000000	  0.833333	  0.166667	  0.000000	
  1.000000	  0.000000	  0.000000	  0.000000	

MOTIF cJun_1.GUERTIN cJun

letter-probability matrix: alength= 4 w= 11 nsites= 20 E= 0
  0.213613	  0.131789	  0.398986	  0.255612	
  0.208545	  0.091238	  0.591600	  0.108617	
  0.569153	  0.089790	  0.339609	  0.001448	
  0.000000	  0.000000	  0.000000	  1.000000	
  0.000000	  0.000000	  1.000000	  0.000000	
  0.999276	  0.000000	  0.000000	  0.000724	
  0.009413	  0.581463	  0.364953	  0.044171	
  0.010862	  0.000000	  0.018827	  0.970311	
  0.065894	  0.934106	  0.000000	  0.000000	
  1.000000	  0.000000	  0.000000	  0.000000	
  0.034033	  0.294714	  0.298335	  0.372918	

MOTIF cJun_2.GUERTIN cJun

letter-probability matrix: alength= 4 w= 11 nsites= 20 E= 0
  0.000000	  0.000000	  0.000000	  1.000000	
  0.000000	  0.000000	  0.761557	  0.238443	
  0.846715	  0.007299	  0.107056	  0.038929	
  0.026764	  0.871046	  0.036496	  0.065693	
  0.311436	  0.313869	  0.360097	  0.014599	
  0.000000	  0.000000	  0.000000	  1.000000	
  0.000000	  0.980535	  0.000000	  0.019465	
  1.000000	  0.000000	  0.000000	  0.000000	
  0.000000	  0.323601	  0.165450	  0.510949	
  0.051095	  0.642336	  0.051095	  0.255474	
  0.141119	  0.350365	  0.206813	  0.301703	

MOTIF cJun_3.GUERTIN cJun

letter-probability matrix: alength= 4 w= 6 nsites= 20 E= 0
  0.000000	  0.000000	  1.000000	  0.000000	
  1.000000	  0.000000	  0.000000	  0.000000	
  0.000000	  1.000000	  0.000000	  0.000000	
  0.243902	  0.000000	  0.000000	  0.756098	
  0.000000	  1.000000	  0.000000	  0.000000	
  1.000000	  0.000000	  0.000000	  0.000000	

MOTIF cJun_4.GUERTIN cJun

letter-probability matrix: alength= 4 w= 14 nsites= 20 E= 0
  0.000000	  0.933333	  0.000000	  0.066667	
  0.033333	  0.633333	  0.066667	  0.266667	
  0.000000	  0.900000	  0.000000	  0.100000	
  0.900000	  0.033333	  0.066667	  0.000000	
  0.066667	  0.033333	  0.900000	  0.000000	
  0.066667	  0.900000	  0.000000	  0.033333	
  0.933333	  0.000000	  0.033333	  0.033333	
  0.000000	  1.000000	  0.000000	  0.000000	
  0.000000	  0.033333	  0.000000	  0.966667	
  0.000000	  0.033333	  0.033333	  0.933333	
  0.000000	  0.033333	  0.000000	  0.966667	
  0.066667	  0.000000	  0.933333	  0.000000	
  0.166667	  0.066667	  0.766667	  0.000000	
  0.166667	  0.066667	  0.733333	  0.033333	

MOTIF v-JUN.1_1.ZLAB v-JUN

letter-probability matrix: alength= 4 w= 14 nsites= 20 E= 0
  0.325228	  0.130699	  0.322188	  0.221884	
  0.252280	  0.176292	  0.367781	  0.203647	
  0.379939	  0.091185	  0.510638	  0.018237	
  0.717325	  0.000000	  0.282675	  0.000000	
  0.000000	  0.000000	  0.000000	  1.000000	
  0.000000	  0.000000	  1.000000	  0.000000	
  1.000000	  0.000000	  0.000000	  0.000000	
  0.000000	  0.696049	  0.042553	  0.261398	
  0.003040	  0.072948	  0.905775	  0.018237	
  0.000000	  0.069909	  0.000000	  0.930091	
  0.176292	  0.820669	  0.003040	  0.000000	
  1.000000	  0.000000	  0.000000	  0.000000	
  0.009119	  0.237082	  0.100304	  0.653495	
  0.221884	  0.498480	  0.148936	  0.130699	

MOTIF v-JUN.1_2.ZLAB v-JUN

letter-probability matrix: alength= 4 w= 10 nsites= 20 E= 0
  0.000000	  0.000000	  0.000000	  1.000000	
  0.000000	  0.000000	  0.949495	  0.050505	
  0.949495	  0.000000	  0.000000	  0.050505	
  0.085859	  0.196970	  0.717172	  0.000000	
  0.000000	  0.000000	  0.000000	  1.000000	
  0.000000	  1.000000	  0.000000	  0.000000	
  1.000000	  0.000000	  0.000000	  0.000000	
  0.050505	  0.313131	  0.000000	  0.636364	
  0.070707	  0.525253	  0.131313	  0.272727	
  0.323232	  0.363636	  0.111111	  0.202020	

MOTIF v-JUN.1_3.ZLAB v-JUN

letter-probability matrix: alength= 4 w= 7 nsites= 20 E= 0
  0.000000	  0.000000	  0.000000	  1.000000	
  0.000000	  0.000000	  1.000000	  0.000000	
  1.000000	  0.000000	  0.000000	  0.000000	
  0.000000	  0.152174	  0.847826	  0.000000	
  0.000000	  0.000000	  0.173913	  0.826087	
  0.000000	  1.000000	  0.000000	  0.000000	
  1.000000	  0.000000	  0.000000	  0.000000	

MOTIF v-JUN.1_4.ZLAB v-JUN

letter-probability matrix: alength= 4 w= 20 nsites= 20 E= 0
  0.000000	  0.500000	  0.000000	  0.500000	
  0.166667	  0.000000	  0.000000	  0.833333	
  0.000000	  0.166667	  0.833333	  0.000000	
  0.000000	  0.000000	  0.000000	  1.000000	
  0.000000	  0.000000	  0.833333	  0.166667	
  0.000000	  0.833333	  0.000000	  0.166667	
  1.000000	  0.000000	  0.000000	  0.000000	
  0.833333	  0.000000	  0.166667	  0.000000	
  1.000000	  0.000000	  0.000000	  0.000000	
  0.000000	  0.666667	  0.333333	  0.000000	
  0.666667	  0.000000	  0.166667	  0.166667	
  0.000000	  0.166667	  0.000000	  0.833333	
  0.000000	  1.000000	  0.000000	  0.000000	
  1.000000	  0.000000	  0.000000	  0.000000	
  0.000000	  0.000000	  0.000000	  1.000000	
  0.500000	  0.000000	  0.500000	  0.000000	
  0.166667	  0.000000	  0.833333	  0.000000	
  1.000000	  0.000000	  0.000000	  0.000000	
  0.000000	  0.000000	  1.000000	  0.000000	
  0.000000	  0.000000	  0.000000	  1.000000	

MOTIF v-JUN.1_5.ZLAB v-JUN

letter-probability matrix: alength= 4 w= 13 nsites= 20 E= 0
  0.187500	  0.000000	  0.531250	  0.281250	
  0.343750	  0.312500	  0.312500	  0.031250	
  0.000000	  0.000000	  0.000000	  1.000000	
  0.000000	  0.000000	  1.000000	  0.000000	
  1.000000	  0.000000	  0.000000	  0.000000	
  0.000000	  0.312500	  0.156250	  0.531250	
  0.000000	  0.000000	  0.937500	  0.062500	
  0.031250	  0.125000	  0.000000	  0.843750	
  0.156250	  0.843750	  0.000000	  0.000000	
  1.000000	  0.000000	  0.000000	  0.000000	
  0.000000	  0.125000	  0.281250	  0.593750	
  0.250000	  0.218750	  0.531250	  0.000000	
  0.562500	  0.156250	  0.281250	  0.000000	

MOTIF Jun.TF2DNA Jun

letter-probability matrix: alength= 4 w= 7 nsites= 20 E= 0
  0.000000	  0.000000	  1.000000	  0.000000	
  0.000000	  0.000000	  0.000000	  1.000000	
  0.638000	  0.258000	  0.000000	  0.104000	
  1.000000	  0.000000	  0.000000	  0.000000	
  0.000000	  0.000000	  0.000000	  1.000000	
  0.342000	  0.564000	  0.094000	  0.000000	
  0.382000	  0.124000	  0.355000	  0.140000	

MOTIF JUN.SWISSREGULON JUN.p2

letter-probability matrix: alength= 4 w= 7 nsites= 20 E= 0
  0.002645	  0.000255	  0.987775	  0.009325	
  0.986747	  0.001364	  0.009155	  0.002735	
  0.003623	  0.984157	  0.004090	  0.008130	
  0.179382	  0.047600	  0.765597	  0.007420	
  0.002022	  0.011221	  0.000420	  0.986338	
  0.008840	  0.834228	  0.046500	  0.110432	
  0.905196	  0.027347	  0.022607	  0.044850	

MOTIF M2289_1.02.CIS-BP JUN

letter-probability matrix: alength= 4 w= 12 nsites= 20 E= 0
  0.339374	  0.140118	  0.237743	  0.282764	
  0.309805	  0.090757	  0.461751	  0.137686	
  0.788153	  0.034767	  0.177079	  0.000000	
  0.000000	  0.000000	  0.000000	  1.000000	
  0.000000	  0.000000	  0.994325	  0.005675	
  0.999952	  0.000000	  0.000000	  0.000048	
  0.000000	  0.163964	  0.215185	  0.620851	
  0.000000	  0.028997	  0.971003	  0.000000	
  0.044735	  0.168399	  0.000000	  0.786866	
  0.329264	  0.670736	  0.000000	  0.000000	
  1.000000	  0.000000	  0.000000	  0.000000	
  0.009681	  0.176650	  0.048455	  0.765214	

